xof 0303txt 0032
template ColorRGBA {
 <35ff44e0-6c7c-11cf-8f52-0040333594a3>
 FLOAT red;
 FLOAT green;
 FLOAT blue;
 FLOAT alpha;
}

template ColorRGB {
 <d3e16e81-7835-11cf-8f52-0040333594a3>
 FLOAT red;
 FLOAT green;
 FLOAT blue;
}

template Material {
 <3d82ab4d-62da-11cf-ab39-0020af71e433>
 ColorRGBA faceColor;
 FLOAT power;
 ColorRGB specularColor;
 ColorRGB emissiveColor;
 [...]
}

template Frame {
 <3d82ab46-62da-11cf-ab39-0020af71e433>
 [...]
}

template Matrix4x4 {
 <f6f23f45-7686-11cf-8f52-0040333594a3>
 array FLOAT matrix[16];
}

template FrameTransformMatrix {
 <f6f23f41-7686-11cf-8f52-0040333594a3>
 Matrix4x4 frameMatrix;
}

template Vector {
 <3d82ab5e-62da-11cf-ab39-0020af71e433>
 FLOAT x;
 FLOAT y;
 FLOAT z;
}

template MeshFace {
 <3d82ab5f-62da-11cf-ab39-0020af71e433>
 DWORD nFaceVertexIndices;
 array DWORD faceVertexIndices[nFaceVertexIndices];
}

template Mesh {
 <3d82ab44-62da-11cf-ab39-0020af71e433>
 DWORD nVertices;
 array Vector vertices[nVertices];
 DWORD nFaces;
 array MeshFace faces[nFaces];
 [...]
}

template MeshMaterialList {
 <f6f23f42-7686-11cf-8f52-0040333594a3>
 DWORD nMaterials;
 DWORD nFaceIndexes;
 array DWORD faceIndexes[nFaceIndexes];
 [Material <3d82ab4d-62da-11cf-ab39-0020af71e433>]
}

template VertexElement {
 <f752461c-1e23-48f6-b9f8-8350850f336f>
 DWORD Type;
 DWORD Method;
 DWORD Usage;
 DWORD UsageIndex;
}

template DeclData {
 <bf22e553-292c-4781-9fea-62bd554bdd93>
 DWORD nElements;
 array VertexElement Elements[nElements];
 DWORD nDWords;
 array DWORD data[nDWords];
}

template XSkinMeshHeader {
 <3cf169ce-ff7c-44ab-93c0-f78f62d172e2>
 WORD nMaxSkinWeightsPerVertex;
 WORD nMaxSkinWeightsPerFace;
 WORD nBones;
}

template SkinWeights {
 <6f0d123b-bad2-4167-a0d0-80224f25fabb>
 STRING transformNodeName;
 DWORD nWeights;
 array DWORD vertexIndices[nWeights];
 array FLOAT weights[nWeights];
 Matrix4x4 matrixOffset;
}

template AnimTicksPerSecond {
 <9e415a43-7ba6-4a73-8743-b73d47e88476>
 DWORD AnimTicksPerSecond;
}

template Animation {
 <3d82ab4f-62da-11cf-ab39-0020af71e433>
 [...]
}

template AnimationSet {
 <3d82ab50-62da-11cf-ab39-0020af71e433>
 [Animation <3d82ab4f-62da-11cf-ab39-0020af71e433>]
}

template FloatKeys {
 <10dd46a9-775b-11cf-8f52-0040333594a3>
 DWORD nValues;
 array FLOAT values[nValues];
}

template TimedFloatKeys {
 <f406b180-7b3b-11cf-8f52-0040333594a3>
 DWORD time;
 FloatKeys tfkeys;
}

template AnimationKey {
 <10dd46a8-775b-11cf-8f52-0040333594a3>
 DWORD keyType;
 DWORD nKeys;
 array TimedFloatKeys keys[nKeys];
}


Material pc_evy_skin_face01_bmp {
 0.588000;0.588000;0.588000;1.000000;;
 10.000000;
 0.000000;0.000000;0.000000;;
 0.000000;0.000000;0.000000;;
}

Material pc_evy_teeth_bmp {
 0.588000;0.588000;0.588000;1.000000;;
 10.000000;
 0.000000;0.000000;0.000000;;
 0.000000;0.000000;0.000000;;
}

Material pc_evy_eyelash01_bmp {
 0.588000;0.588000;0.588000;1.000000;;
 10.000000;
 0.000000;0.000000;0.000000;;
 0.000000;0.000000;0.000000;;
}

Material pc_evy_eyeball_l01_bmp {
 0.588000;0.588000;0.588000;1.000000;;
 10.000000;
 0.000000;0.000000;0.000000;;
 0.000000;0.000000;0.000000;;
}

Material pc_evy_eyeball_r01_bmp {
 0.588000;0.588000;0.588000;1.000000;;
 10.000000;
 0.000000;0.000000;0.000000;;
 0.000000;0.000000;0.000000;;
}

Frame ValveBiped_Bip01 {
 

 FrameTransformMatrix {
  0.000001,0.000000,-1.000000,0.000000,0.000000,1.000000,0.000000,0.000000,1.000000,0.000000,0.000001,0.000000,0.000000,42.566672,0.000000,1.000000;;
 }

 Frame ValveBiped_Bip01_Pelvis {
  

  FrameTransformMatrix {
   -0.000000,1.000000,0.000000,0.000000,-0.000001,-0.000000,1.000000,0.000000,1.000000,0.000000,0.000001,0.000000,0.000000,0.000000,0.000000,1.000000;;
  }

  Frame ValveBiped_Bip01_Spine {
   

   FrameTransformMatrix {
    0.995088,0.000000,0.098994,0.000000,-0.000001,1.000000,0.000004,0.000000,-0.098994,-0.000004,0.995088,0.000000,3.505173,0.000000,-0.002660,1.000000;;
   }

   Frame ValveBiped_Bip01_Spine1 {
    

    FrameTransformMatrix {
     0.997670,0.000000,-0.068225,0.000000,0.000000,1.000000,0.000002,0.000000,0.068225,-0.000002,0.997670,0.000000,3.358914,0.000008,-0.003515,1.000000;;
    }

    Frame ValveBiped_Bip01_Spine2 {
     

     FrameTransformMatrix {
      0.995248,0.000000,-0.097376,0.000000,-0.000000,1.000000,-0.000005,0.000000,0.097376,0.000005,0.995248,0.000000,4.426922,-0.000004,-0.004426,1.000000;;
     }

     Frame ValveBiped_Bip01_Spine4 {
      

      FrameTransformMatrix {
       0.999697,0.000000,0.024617,0.000000,-0.000000,1.000000,0.000002,0.000000,-0.024617,-0.000002,0.999697,0.000000,5.584927,-0.000004,-0.002045,1.000000;;
      }

      Frame ValveBiped_Bip01_Neck1 {
       

       FrameTransformMatrix {
        0.986945,-0.000000,0.161055,0.000000,0.000000,1.000000,0.000001,0.000000,-0.161055,-0.000000,0.986945,0.000000,2.712341,0.000004,-1.511098,1.000000;;
       }

       Frame ValveBiped_Bip01_Head1 {
        

        FrameTransformMatrix {
         0.999919,0.000000,0.012790,0.000000,-0.000000,1.000000,-0.000000,0.000000,-0.012790,0.000000,0.999919,0.000000,2.667374,-0.000008,0.000001,1.000000;;
        }

        Frame WWMT_hbox_ValveBiped_Bip01_Head001 {
         

         FrameTransformMatrix {
          1.000000,-0.000000,0.000000,0.000000,0.000000,1.000000,-0.000000,0.000000,-0.000000,0.000000,1.000000,0.000000,4.500000,-3.500000,-0.000002,1.000000;;
         }
        }

        Frame eyes001 {
         

         FrameTransformMatrix {
          0.132083,0.000000,-0.991238,0.000000,0.991238,-0.000000,0.132083,0.000000,-0.000000,-1.000000,-0.000000,0.000000,-2.919994,0.442612,1.631021,1.000000;;
         }
        }

        Frame forward001 {
         

         FrameTransformMatrix {
          0.173648,0.000000,-0.984808,0.000000,0.984808,-0.000000,0.173648,0.000000,-0.000000,-1.000000,-0.000000,0.000000,-0.000004,-0.000008,-0.000001,1.000000;;
         }
        }
       }

       Frame ValveBiped_Bip01_L_Clavicle {
        

        FrameTransformMatrix {
         -0.341975,0.933240,-0.110077,0.000000,0.926092,0.314829,-0.207936,0.000000,-0.159399,-0.173051,-0.971929,0.000000,-0.339485,1.384609,0.651192,1.000000;;
        }

        Frame ValveBiped_Bip01_L_UpperArm {
         

         FrameTransformMatrix {
          0.895837,-0.437108,-0.080074,0.000000,0.412379,0.884858,-0.216723,0.000000,0.165586,0.161128,0.972943,0.000000,4.107862,0.000000,-0.000001,1.000000;;
         }

         Frame ValveBiped_Bip01_L_Forearm {
          

          FrameTransformMatrix {
           0.999998,0.000001,-0.002367,0.000000,-0.000001,1.000000,0.000000,0.000000,0.002367,-0.000000,0.999997,0.000000,10.499817,0.000011,0.000000,1.000000;;
          }

          Frame ValveBiped_Bip01_L_Hand {
           

           FrameTransformMatrix {
            0.999975,0.000001,0.007110,0.000000,-0.007110,0.000796,0.999974,0.000000,-0.000005,-1.000000,0.000796,0.000000,10.774782,0.000008,0.000001,1.000000;;
           }

           Frame ValveBiped_Bip01_L_Finger0 {
            

            FrameTransformMatrix {
             0.671192,-0.735926,0.088961,0.000000,0.403340,0.261874,-0.876778,0.000000,0.621947,0.624368,0.472596,0.000000,0.510498,-0.778591,0.199413,1.000000;;
            }

            Frame ValveBiped_Bip01_L_Finger01 {
             

             FrameTransformMatrix {
              0.998149,0.000001,0.060827,0.000000,-0.000001,1.000000,-0.000000,0.000000,-0.060827,0.000001,0.998149,0.000000,1.914639,0.000015,0.000010,1.000000;;
             }

             Frame ValveBiped_Bip01_L_Finger02 {
              

              FrameTransformMatrix {
               0.992001,0.000001,-0.126226,0.000000,-0.000001,1.000000,0.000000,0.000000,0.126227,-0.000000,0.992001,0.000000,1.183785,-0.000015,-0.000004,1.000000;;
              }
             }
            }
           }

           Frame ValveBiped_Bip01_L_Finger1 {
            

            FrameTransformMatrix {
             0.972492,-0.232353,-0.016455,0.000000,0.231530,0.971959,-0.041108,0.000000,0.025545,0.036167,0.999019,0.000000,3.715990,-0.896519,-0.316254,1.000000;;
            }

            Frame ValveBiped_Bip01_L_Finger11 {
             

             FrameTransformMatrix {
              1.000000,0.000000,-0.000002,0.000000,0.000000,1.000000,-0.000000,0.000000,0.000002,0.000000,1.000000,0.000000,1.551167,-0.000004,-0.000008,1.000000;;
             }

             Frame ValveBiped_Bip01_L_Finger12 {
              

              FrameTransformMatrix {
               1.000000,0.000000,-0.000002,0.000000,-0.000000,1.000000,0.000000,0.000000,0.000002,-0.000000,1.000000,0.000000,1.096724,0.000011,0.000004,1.000000;;
              }
             }
            }
           }

           Frame ValveBiped_Bip01_L_Finger2 {
            

            FrameTransformMatrix {
             0.998617,0.052546,0.001564,0.000000,-0.052561,0.997523,0.046737,0.000000,0.000896,-0.046754,0.998906,0.000000,3.774000,0.032124,-0.343849,1.000000;;
            }

            Frame ValveBiped_Bip01_L_Finger21 {
             

             FrameTransformMatrix {
              1.000000,-0.000000,-0.000002,0.000000,0.000000,1.000000,-0.000000,0.000000,0.000002,-0.000000,1.000000,0.000000,1.693275,0.000004,-0.000004,1.000000;;
             }

             Frame ValveBiped_Bip01_L_Finger22 {
              

              FrameTransformMatrix {
               1.000000,-0.000000,-0.000002,0.000000,-0.000000,1.000000,-0.000000,0.000000,0.000002,-0.000000,1.000000,0.000000,1.096506,0.000008,-0.000004,1.000000;;
              }
             }
            }
           }

           Frame ValveBiped_Bip01_L_Finger3 {
            

            FrameTransformMatrix {
             0.936642,0.348934,0.030758,0.000000,-0.348253,0.918161,0.188944,0.000000,0.037688,-0.187685,0.981506,0.000000,3.611584,0.812984,-0.245842,1.000000;;
            }

            Frame ValveBiped_Bip01_L_Finger31 {
             

             FrameTransformMatrix {
              1.000000,-0.000001,-0.000002,0.000000,0.000001,1.000000,-0.000001,0.000000,0.000002,0.000001,1.000000,0.000000,1.396446,-0.000011,0.000004,1.000000;;
             }

             Frame ValveBiped_Bip01_L_Finger32 {
              

              FrameTransformMatrix {
               1.000000,-0.000001,-0.000002,0.000000,0.000001,1.000000,-0.000001,0.000000,0.000002,0.000001,1.000000,0.000000,1.039904,0.000003,0.000000,1.000000;;
              }

              Frame ATTACK_POINT_END_001 {
               

               FrameTransformMatrix {
                0.000000,-0.000000,-1.000000,0.000000,1.000000,-0.000000,0.000000,0.000000,-0.000000,-1.000000,-0.000000,0.000000,0.000002,0.000004,-0.000004,1.000000;;
               }
              }
             }
            }
           }

           Frame ValveBiped_Bip01_L_Finger4 {
            

            FrameTransformMatrix {
             0.803880,0.591383,0.063580,0.000000,-0.572886,0.741096,0.350111,0.000000,0.159931,-0.317872,0.934548,0.000000,3.130730,1.483109,0.066677,1.000000;;
            }

            Frame ValveBiped_Bip01_L_Finger41 {
             

             FrameTransformMatrix {
              1.000000,-0.000001,-0.000001,0.000000,0.000001,1.000000,-0.000002,0.000000,0.000001,0.000002,1.000000,0.000000,1.026252,0.000001,-0.000004,1.000000;;
             }

             Frame ValveBiped_Bip01_L_Finger42 {
              

              FrameTransformMatrix {
               1.000000,-0.000001,-0.000001,0.000000,0.000001,1.000000,-0.000002,0.000000,0.000001,0.000001,1.000000,0.000000,0.800844,0.000003,0.000004,1.000000;;
              }
             }
            }
           }

           Frame ValveBiped_Anim_Attachment_LH {
            

            FrameTransformMatrix {
             -0.263854,0.964313,0.021923,0.000000,0.961392,0.264760,-0.075019,0.000000,-0.078146,0.001283,-0.996941,0.000000,2.682124,-0.009739,0.691872,1.000000;;
            }

            Frame raze_start001 {
             

             FrameTransformMatrix {
              -1.000000,-0.000000,-0.000000,0.000000,0.000000,0.000001,-1.000000,0.000000,0.000000,-1.000000,-0.000001,0.000000,0.000006,-0.000002,0.000000,1.000000;;
             }
            }
           }

           Frame WWMT_hbox_ValveBiped_Bip01_L_Hand001 {
            

            FrameTransformMatrix {
             1.000000,0.000000,-0.000000,0.000000,0.000000,1.000000,0.000000,0.000000,-0.000000,-0.000000,1.000000,0.000000,3.499998,-3.000004,0.000000,1.000000;;
            }
           }

           Frame ATTACK_POINT_START_001 {
            

            FrameTransformMatrix {
             0.173648,0.000000,-0.984808,0.000000,0.984808,-0.000000,0.173649,0.000000,-0.000000,-1.000000,-0.000000,0.000000,0.000002,-0.000003,0.000000,1.000000;;
            }
           }
          }

          Frame ValveBiped_Bip01_L_ForeTwist {
           

           FrameTransformMatrix {
            1.000000,0.000002,0.000000,0.000000,-0.000002,1.000000,-0.000265,0.000000,-0.000000,0.000265,1.000000,0.000000,0.000000,-0.000008,-0.000001,1.000000;;
           }

           Frame ValveBiped_Bip01_L_ForeTwist1 {
            

            FrameTransformMatrix {
             1.000000,0.000002,-0.000000,0.000000,-0.000002,1.000000,-0.000265,0.000000,-0.000000,0.000265,1.000000,0.000000,5.387392,0.000015,0.000002,1.000000;;
            }
           }
          }

          Frame ValveBiped_Anim_Attachment_LF {
           

           FrameTransformMatrix {
            -0.001465,-0.002454,0.999996,0.000000,-0.999822,-0.018786,-0.001511,0.000000,0.018789,-0.999820,-0.002426,0.000000,6.644894,2.096657,-2.260197,1.000000;;
           }
          }

          Frame WWMT_hbox_ValveBiped_Bip01_L_Forearm001 {
           

           FrameTransformMatrix {
            1.000000,0.000000,-0.000000,0.000000,0.000000,1.000000,0.000000,0.000000,0.000000,-0.000000,1.000000,0.000000,4.500004,-1.499992,-0.000001,1.000000;;
           }
          }
         }

         Frame ValveBiped_Bip01_L_Shoulder01 {
          

          FrameTransformMatrix {
           1.000001,0.000001,0.000000,0.000000,-0.000001,0.997722,0.067463,0.000000,0.000000,-0.067463,0.997722,0.000000,0.000004,-0.000004,-0.000001,1.000000;;
          }
         }

         Frame ValveBiped_Bip01_L_UpperArm01 {
          

          FrameTransformMatrix {
           1.000001,0.000001,0.000000,0.000000,-0.000001,0.999380,0.035218,0.000000,0.000000,-0.035218,0.999380,0.000000,3.541119,-0.000004,0.000001,1.000000;;
          }
         }

         Frame WWMT_hbox_ValveBiped_Bip01_L_UpperArm001 {
          

          FrameTransformMatrix {
           1.000000,0.000000,0.000000,0.000000,-0.000001,1.000000,0.000000,0.000000,-0.000000,0.000000,1.000000,0.000000,4.500000,-1.000004,0.000000,1.000000;;
          }
         }
        }
       }

       Frame ValveBiped_Bip01_R_Clavicle {
        

        FrameTransformMatrix {
         -0.341975,-0.933241,-0.110071,0.000000,-0.926091,0.314830,0.207935,0.000000,-0.159399,0.173044,-0.971930,0.000000,-0.339478,-1.384613,0.651201,1.000000;;
        }

        Frame ValveBiped_Bip01_R_UpperArm {
         

         FrameTransformMatrix {
          0.895837,0.437108,-0.080074,0.000000,-0.412379,0.884858,0.216723,0.000000,0.165586,-0.161128,0.972944,0.000000,4.107860,-0.000011,-0.000000,1.000000;;
         }

         Frame ValveBiped_Bip01_R_Forearm {
          

          FrameTransformMatrix {
           0.999997,-0.000000,-0.002367,0.000000,0.000001,1.000000,-0.000000,0.000000,0.002367,0.000000,0.999997,0.000000,10.499819,0.000004,-0.000003,1.000000;;
          }

          Frame ValveBiped_Bip01_R_Hand {
           

           FrameTransformMatrix {
            0.999975,-0.000001,0.007110,0.000000,0.007110,0.000796,-0.999975,0.000000,-0.000005,1.000000,0.000796,0.000000,10.774773,-0.000019,-0.000002,1.000000;;
           }

           Frame ValveBiped_Bip01_R_Finger0 {
            

            FrameTransformMatrix {
             0.671192,0.735926,0.088961,0.000000,-0.403341,0.261874,0.876777,0.000000,0.621946,-0.624367,0.472597,0.000000,0.510490,0.778580,0.199402,1.000000;;
            }

            Frame ValveBiped_Bip01_R_Finger01 {
             

             FrameTransformMatrix {
              0.998149,-0.000001,0.060827,0.000000,0.000001,1.000000,0.000001,0.000000,-0.060827,-0.000001,0.998149,0.000000,1.914635,-0.000004,0.000010,1.000000;;
             }

             Frame ValveBiped_Bip01_R_Finger02 {
              

              FrameTransformMatrix {
               0.992001,-0.000001,-0.126225,0.000000,0.000001,1.000000,-0.000000,0.000000,0.126225,-0.000000,0.992001,0.000000,1.183792,-0.000008,0.000006,1.000000;;
              }
             }
            }
           }

           Frame ValveBiped_Bip01_R_Finger1 {
            

            FrameTransformMatrix {
             0.972492,0.232353,-0.016455,0.000000,-0.231530,0.971959,0.041107,0.000000,0.025545,-0.036167,0.999019,0.000000,3.715986,0.896519,-0.316246,1.000000;;
            }

            Frame ValveBiped_Bip01_R_Finger11 {
             

             FrameTransformMatrix {
              1.000000,-0.000001,-0.000002,0.000000,0.000001,1.000000,-0.000001,0.000000,0.000002,0.000001,1.000001,0.000000,1.551159,-0.000004,-0.000004,1.000000;;
             }

             Frame ValveBiped_Bip01_R_Finger12 {
              

              FrameTransformMatrix {
               1.000000,-0.000001,-0.000002,0.000000,0.000001,1.000000,-0.000001,0.000000,0.000002,0.000001,1.000000,0.000000,1.096726,0.000004,0.000000,1.000000;;
              }
             }
            }
           }

           Frame ValveBiped_Bip01_R_Finger2 {
            

            FrameTransformMatrix {
             0.998617,-0.052546,0.001564,0.000000,0.052561,0.997523,-0.046737,0.000000,0.000896,0.046754,0.998906,0.000000,3.773987,-0.032131,-0.343838,1.000000;;
            }

            Frame ValveBiped_Bip01_R_Finger21 {
             

             FrameTransformMatrix {
              1.000000,0.000000,-0.000002,0.000000,0.000000,1.000000,0.000000,0.000000,0.000002,0.000000,1.000000,0.000000,1.693272,-0.000000,0.000000,1.000000;;
             }

             Frame ValveBiped_Bip01_R_Finger22 {
              

              FrameTransformMatrix {
               1.000000,-0.000000,-0.000002,0.000000,0.000000,1.000000,-0.000001,0.000000,0.000002,0.000001,1.000000,0.000000,1.096514,0.000000,-0.000015,1.000000;;
              }
             }
            }
           }

           Frame ValveBiped_Bip01_R_Finger3 {
            

            FrameTransformMatrix {
             0.936642,-0.348934,0.030758,0.000000,0.348253,0.918161,-0.188944,0.000000,0.037688,0.187685,0.981506,0.000000,3.611582,-0.812981,-0.245834,1.000000;;
            }

            Frame ValveBiped_Bip01_R_Finger31 {
             

             FrameTransformMatrix {
              1.000000,0.000001,-0.000002,0.000000,-0.000001,1.000000,0.000001,0.000000,0.000002,-0.000001,1.000000,0.000000,1.396429,0.000002,0.000004,1.000000;;
             }

             Frame ValveBiped_Bip01_R_Finger32 {
              

              FrameTransformMatrix {
               1.000000,0.000001,-0.000002,0.000000,-0.000001,1.000000,0.000001,0.000000,0.000002,-0.000001,1.000000,0.000000,1.039911,0.000007,0.000004,1.000000;;
              }
             }
            }
           }

           Frame ValveBiped_Bip01_R_Finger4 {
            

            FrameTransformMatrix {
             0.803881,-0.591382,0.063580,0.000000,0.572885,0.741096,-0.350112,0.000000,0.159931,0.317872,0.934547,0.000000,3.130718,-1.483101,0.066681,1.000000;;
            }

            Frame ValveBiped_Bip01_R_Finger41 {
             

             FrameTransformMatrix {
              1.000000,0.000001,-0.000001,0.000000,-0.000001,1.000000,0.000000,0.000000,0.000001,-0.000000,1.000000,0.000000,1.026261,-0.000005,0.000008,1.000000;;
             }

             Frame ValveBiped_Bip01_R_Finger42 {
              

              FrameTransformMatrix {
               1.000000,0.000002,-0.000002,0.000000,-0.000002,1.000000,0.000002,0.000000,0.000001,-0.000002,1.000000,0.000000,0.800845,0.000008,-0.000004,1.000000;;
              }
             }
            }
           }

           Frame ValveBiped_Anim_Attachment_RH {
            

            FrameTransformMatrix {
             0.263856,0.964313,-0.021924,0.000000,-0.961392,0.264762,0.075014,0.000000,0.078142,0.001285,0.996941,0.000000,2.689357,-0.215698,0.725548,1.000000;;
            }

            Frame ATTACK_POINT_START_004 {
             

             FrameTransformMatrix {
              -0.007596,0.086824,0.996195,0.000000,-0.996195,-0.087156,-0.000000,0.000000,0.086824,-0.992404,0.087156,0.000000,-7.067967,7.056266,-0.502872,1.000000;;
             }
            }

            Frame ATTACK_POINT_END_004 {
             

             FrameTransformMatrix {
              -0.007596,0.086824,0.996195,0.000000,-0.996195,-0.087156,-0.000000,0.000000,0.086824,-0.992404,0.087156,0.000000,0.266434,19.286784,68.029037,1.000000;;
             }
            }
           }

           Frame WWMT_hbox_ValveBiped_Bip01_R_Hand001 {
            

            FrameTransformMatrix {
             1.000000,-0.000000,-0.000000,0.000000,-0.000000,1.000000,0.000000,0.000000,0.000000,0.000000,1.000000,0.000000,3.499998,-3.000000,0.500004,1.000000;;
            }
           }
          }

          Frame ValveBiped_Bip01_R_ForeTwist {
           

           FrameTransformMatrix {
            1.000000,-0.000001,0.000000,0.000000,0.000001,1.000000,0.000265,0.000000,-0.000000,-0.000265,1.000000,0.000000,-0.000008,-0.000004,-0.000000,1.000000;;
           }

           Frame ValveBiped_Bip01_R_ForeTwist1 {
            

            FrameTransformMatrix {
             1.000000,-0.000002,-0.000000,0.000000,0.000002,1.000000,0.000266,0.000000,0.000000,-0.000266,1.000000,0.000000,5.387394,0.000000,0.000000,1.000000;;
            }
           }
          }

          Frame WWMT_hbox_ValveBiped_Bip01_R_Forearm001 {
           

           FrameTransformMatrix {
            1.000000,-0.000000,-0.000000,0.000000,0.000000,1.000000,-0.000001,0.000000,0.000000,0.000000,1.000000,0.000000,4.500000,-1.000008,0.000000,1.000000;;
           }
          }
         }

         Frame ValveBiped_Bip01_R_Shoulder01 {
          

          FrameTransformMatrix {
           1.000000,-0.000001,0.000000,0.000000,0.000001,0.997783,-0.066542,0.000000,0.000000,0.066542,0.997784,0.000000,0.000008,0.000004,-0.000001,1.000000;;
          }
         }

         Frame ValveBiped_Bip01_R_UpperArm01 {
          

          FrameTransformMatrix {
           1.000000,-0.000001,-0.000000,0.000000,0.000001,0.999396,-0.034736,0.000000,0.000000,0.034736,0.999397,0.000000,3.558449,0.000008,-0.000002,1.000000;;
          }
         }

         Frame WWMT_hbox_ValveBiped_Bip01_R_UpperArm001 {
          

          FrameTransformMatrix {
           1.000000,-0.000000,0.000000,0.000000,0.000000,1.000000,0.000000,0.000000,0.000000,-0.000000,1.000000,0.000000,4.500004,-2.000000,0.000000,1.000000;;
          }
         }
        }
       }

       Frame WWMT_hbox_ValveBiped_Bip01_Neck001 {
        

        FrameTransformMatrix {
         1.000000,-0.000000,0.000000,0.000000,0.000000,1.000000,-0.000001,0.000000,-0.000000,0.000001,1.000001,0.000000,1.999996,-1.500004,0.500000,1.000000;;
        }
       }
      }
     }

     Frame ValveBiped_Bip01_R_Breast {
      

      FrameTransformMatrix {
       -0.150001,-0.000002,0.988686,0.000000,-0.000001,-1.000000,-0.000002,0.000000,0.988686,-0.000001,0.150000,0.000000,2.310135,-3.425823,0.426884,1.000000;;
      }
     }

     Frame ValveBiped_Bip01_L_Breast {
      

      FrameTransformMatrix {
       0.150001,0.000001,-0.988686,0.000000,-0.000001,-1.000000,-0.000001,0.000000,-0.988686,0.000002,-0.150002,0.000000,2.310131,3.425819,0.426891,1.000000;;
      }
     }

     Frame jiggle_Rbust_1 {
      

      FrameTransformMatrix {
       0.095137,-0.000001,0.995464,0.000000,-0.000001,-1.000000,-0.000001,0.000000,0.995464,-0.000001,-0.095137,0.000000,2.114689,-2.705502,-1.892783,1.000000;;
      }

      Frame jiggle_Rbust_2 {
       

       FrameTransformMatrix {
        0.995017,-0.032295,-0.094330,0.000000,0.032250,0.999478,-0.002006,0.000000,0.094346,-0.001047,0.995539,0.000000,2.686735,0.000008,0.000004,1.000000;;
       }
      }
     }

     Frame jiggle_Lbust_1 {
      

      FrameTransformMatrix {
       0.095137,-0.000001,0.995464,0.000000,-0.000001,-1.000000,-0.000001,0.000000,0.995464,-0.000001,-0.095137,0.000000,2.114693,2.705578,-1.892778,1.000000;;
      }

      Frame jiggle_Lbust_2 {
       

       FrameTransformMatrix {
        0.996346,0.028379,-0.080558,0.000000,-0.028004,0.999591,0.005778,0.000000,0.080689,-0.003501,0.996733,0.000000,2.686731,0.000008,-0.000011,1.000000;;
       }
      }
     }

     Frame WWMT_hbox_ValveBiped_Bip01_Spine002 {
      

      FrameTransformMatrix {
       1.000000,-0.000000,-0.000000,0.000000,0.000000,1.000000,-0.000002,0.000000,0.000000,0.000002,1.000000,0.000000,3.499996,-4.499996,0.000000,1.000000;;
      }
     }

     Frame chest001 {
      

      FrameTransformMatrix {
       0.000000,-0.000000,-1.000000,0.000000,1.000000,-0.000000,0.000000,0.000000,-0.000000,-1.000000,0.000000,0.000000,-0.000004,0.000000,0.000000,1.000000;;
      }
     }
    }

    Frame ValveBiped_Anim_Attachment_CAM {
     

     FrameTransformMatrix {
      -0.070896,0.000004,0.997484,0.000000,-0.000002,1.000000,-0.000004,0.000000,-0.997484,-0.000002,-0.070896,0.000000,4.230896,0.000000,0.412551,1.000000;;
     }

     Frame anim_attachment_CAM001 {
      

      FrameTransformMatrix {
       0.000000,0.000000,1.000000,0.000000,1.000000,-0.000000,-0.000000,0.000000,0.000000,1.000000,-0.000000,0.000000,-0.000000,0.000000,0.000000,1.000000;;
      }
     }
    }

    Frame WWMT_hbox_ValveBiped_Bip01_Spine001 {
     

     FrameTransformMatrix {
      1.000000,-0.000000,0.000000,0.000000,0.000000,1.000000,0.000003,0.000000,-0.000000,-0.000003,1.000000,0.000000,0.000000,-4.500000,-0.000000,1.000000;;
     }
    }
   }

   Frame ValveBiped_Bip01_L_Thigh {
    

    FrameTransformMatrix {
     -0.992257,0.063111,0.106974,0.000000,-0.063233,-0.997996,0.002258,0.000000,0.106902,-0.004524,0.994259,0.000000,-3.487682,3.530788,0.349626,1.000000;;
    }

    Frame ValveBiped_Bip01_L_Calf {
     

     FrameTransformMatrix {
      0.995518,0.000000,-0.094575,0.000000,0.000000,1.000000,0.000000,0.000000,0.094575,-0.000000,0.995518,0.000000,18.369813,0.000010,-0.000003,1.000000;;
     }

     Frame ValveBiped_Bip01_L_Foot {
      

      FrameTransformMatrix {
       0.994252,0.063145,0.086468,0.000000,-0.064699,0.997788,0.015276,0.000000,-0.085312,-0.020783,0.996138,0.000000,19.744339,0.000006,-0.000003,1.000000;;
      }

      Frame ValveBiped_Bip01_L_Toe0 {
       

       FrameTransformMatrix {
        0.000000,-0.000000,1.000000,0.000000,0.000000,1.000000,0.000000,0.000000,-1.000000,0.000000,0.000000,0.000000,4.613144,0.000000,5.301874,1.000000;;
       }
      }

      Frame WWMT_hbox_ValveBiped_Bip01_L_Foot001 {
       

       FrameTransformMatrix {
        1.000000,-0.000001,0.000000,0.000000,0.000001,1.000000,0.000000,0.000000,-0.000000,0.000000,1.000000,0.000000,2.500000,-2.500001,2.000000,1.000000;;
       }
      }

      Frame ATTACK_POINT_END_002 {
       

       FrameTransformMatrix {
        1.000000,-0.000001,0.000000,0.000000,0.000001,1.000000,0.000000,0.000000,-0.000000,0.000000,1.000000,0.000000,0.050409,0.000002,-2.999578,1.000000;;
       }
      }
     }

     Frame WWMT_hbox_ValveBiped_Bip01_L_Calf001 {
      

      FrameTransformMatrix {
       1.000000,-0.000000,0.000000,0.000000,-0.000000,1.000000,0.000001,0.000000,-0.000000,-0.000001,1.000000,0.000000,7.999999,-2.500002,-0.500001,1.000000;;
      }
     }

     Frame ATTACK_POINT_START_002 {
      

      FrameTransformMatrix {
       1.000000,0.000000,0.000000,0.000000,0.000000,1.000000,0.000001,0.000000,0.000000,-0.000000,1.000000,0.000000,0.003658,-0.216175,-2.490635,1.000000;;
      }
     }
    }

    Frame WWMT_hbox_ValveBiped_Bip01_L_Thigh001 {
     

     FrameTransformMatrix {
      1.000000,0.000000,0.000000,0.000000,0.000000,1.000000,-0.000000,0.000000,0.000000,0.000000,1.000000,0.000000,10.000004,-3.000000,-0.000000,1.000000;;
     }
    }
   }

   Frame ValveBiped_Bip01_R_Thigh {
    

    FrameTransformMatrix {
     -0.992257,-0.063111,0.106974,0.000000,0.063233,-0.997996,-0.002253,0.000000,0.106901,0.004529,0.994259,0.000000,-3.487682,-3.530773,0.349645,1.000000;;
    }

    Frame ValveBiped_Bip01_R_Calf {
     

     FrameTransformMatrix {
      0.995518,0.000000,-0.094575,0.000000,0.000000,1.000000,0.000000,0.000000,0.094575,-0.000001,0.995518,0.000000,18.369821,0.000006,-0.000002,1.000000;;
     }

     Frame ValveBiped_Bip01_R_Foot {
      

      FrameTransformMatrix {
       0.994251,-0.063145,0.086469,0.000000,0.064666,0.997796,-0.014899,0.000000,-0.085338,0.020405,0.996143,0.000000,19.744338,0.000002,-0.000002,1.000000;;
      }

      Frame ValveBiped_Bip01_R_Toe0 {
       

       FrameTransformMatrix {
        0.000002,0.000379,1.000000,0.000000,-0.000001,1.000000,-0.000379,0.000000,-1.000000,-0.000001,0.000002,0.000000,4.613142,0.002014,5.301875,1.000000;;
       }
      }

      Frame WWMT_hbox_ValveBiped_Bip01_R_Foot001 {
       

       FrameTransformMatrix {
        1.000000,-0.000001,0.000000,0.000000,0.000001,0.999880,-0.015485,0.000000,-0.000000,0.015485,0.999880,0.000000,2.499999,-1.500001,2.000000,1.000000;;
       }
      }
     }

     Frame WWMT_hbox_ValveBiped_Bip01_R_Calf001 {
      

      FrameTransformMatrix {
       1.000000,-0.000000,0.000000,0.000000,0.000000,1.000000,0.000001,0.000000,0.000000,-0.000001,1.000000,0.000000,8.000001,-1.500002,-0.500000,1.000000;;
      }
     }
    }

    Frame WWMT_hbox_ValveBiped_Bip01_R_Thigh001 {
     

     FrameTransformMatrix {
      1.000000,-0.000000,0.000000,0.000000,0.000000,1.000000,-0.000000,0.000000,0.000000,0.000000,1.000001,0.000000,10.000000,-2.000000,0.000000,1.000000;;
     }
    }
   }
  }

  Frame WWMT_hbox_ValveBiped_Bip01_Pelvis001 {
   

   FrameTransformMatrix {
    1.000000,0.000000,0.000000,0.000000,0.000000,1.000000,0.000000,0.000000,-0.000000,-0.000000,1.000000,0.000000,0.000004,-6.000000,-0.000000,1.000000;;
   }
  }

  Frame ATTACK_POINT_START_003 {
   

   FrameTransformMatrix {
    0.000000,-1.000000,-0.000000,0.000000,1.000000,0.000000,0.000000,0.000000,0.000000,-0.000000,1.000000,0.000000,0.000000,0.000000,-0.000000,1.000000;;
   }
  }

  Frame ATTACK_POINT_END_003 {
   

   FrameTransformMatrix {
    0.000000,-1.000000,-0.000000,0.000000,1.000000,0.000000,0.000000,0.000000,0.000000,-0.000000,1.000000,0.000000,0.000011,0.000000,-5.000000,1.000000;;
   }
  }
 }

 Frame ValveBiped_Anim_Attachment_GRAPPLING {
  

  FrameTransformMatrix {
   0.000000,1.000000,0.000000,0.000000,-0.000001,0.000000,-1.000000,0.000000,-1.000000,0.000000,0.000001,0.000000,35.433062,-42.566672,-0.000057,1.000000;;
  }

  Frame anim_attachment_Grappling001 {
   

   FrameTransformMatrix {
    -0.000000,0.000000,-1.000000,0.000000,1.000000,-0.000000,-0.000000,0.000000,-0.000000,-1.000000,-0.000000,0.000000,0.000000,0.000000,-0.000004,1.000000;;
   }
  }
 }

 Frame ValveBiped_Anim_Attachment_EyeTarget {
  

  FrameTransformMatrix {
   0.999969,-0.007872,-0.000001,0.000000,0.000001,0.000000,1.000000,0.000000,-0.007872,-0.999969,0.000000,0.000000,86.598970,25.693374,-0.000122,1.000000;;
  }

  Frame anim_attachment_EyeTarget001 {
   

   FrameTransformMatrix {
    -0.000000,-0.000000,1.000000,0.000000,1.000000,0.000007,0.000000,0.000000,-0.000007,1.000000,0.000000,0.000000,-0.000008,0.000015,0.000015,1.000000;;
   }
  }
 }

 Frame ValveBiped_Anim_Attachment_ragdoll {
  

  FrameTransformMatrix {
   0.000000,1.000000,0.000000,0.000000,-0.000001,0.000000,-1.000000,0.000000,-1.000000,0.000000,0.000001,0.000000,35.433062,-42.566672,-0.000057,1.000000;;
  }

  Frame anim_attachment_Grappling002 {
   

   FrameTransformMatrix {
    1.000000,0.000000,0.000000,0.000000,0.000000,1.000000,-0.000000,0.000000,-0.000000,0.000000,1.000000,0.000000,0.000000,0.000000,-0.000004,1.000000;;
   }
  }
 }
}

Frame ValveBiped_Anim_Attachment_CAM_Origin {
 

 FrameTransformMatrix {
  1.000000,0.000000,0.000000,0.000000,0.000000,1.000000,0.000000,0.000000,0.000000,0.000000,1.000000,0.000000,0.000000,0.000000,0.000000,1.000000;;
 }

 Frame anim_attachment_CAM_Origin001 {
  

  FrameTransformMatrix {
   1.000000,0.000000,0.000000,0.000000,0.000000,1.000000,0.000000,0.000000,0.000000,0.000000,1.000000,0.000000,0.000000,0.000000,0.000000,1.000000;;
  }
 }
}

Frame ValveBiped_Anim_Attachment_resurrection {
 

 FrameTransformMatrix {
  0.000000,0.000000,-1.000000,0.000000,1.000000,0.000000,0.000000,0.000000,0.000000,-1.000000,0.000000,0.000000,0.000000,0.000000,0.000000,1.000000;;
 }

 Frame anim_attachment_resurrection001 {
  

  FrameTransformMatrix {
   -0.000000,0.000000,-1.000000,0.000000,-0.000000,-1.000000,-0.000000,0.000000,-1.000000,0.000000,0.000000,0.000000,0.000000,0.000000,0.000000,1.000000;;
  }
 }
}

Frame pc_evy_face001 {
 

 FrameTransformMatrix {
  1.000000,0.000000,0.000000,0.000000,0.000000,1.000000,0.000000,0.000000,0.000000,0.000000,1.000000,0.000000,0.000000,0.000000,0.000000,1.000000;;
 }

 Mesh pc_evy_face001 {
  7812;
  2.017184;66.130189;0.357910;,
  1.870584;65.718381;0.495710;,
  1.839385;65.671488;0.088710;,
  2.132784;66.069382;0.066710;,
  2.200084;66.456582;0.375010;,
  2.017184;66.130189;0.357910;,
  1.839385;65.671488;0.088710;,
  2.132784;66.069382;0.066710;,
  2.017184;66.130189;0.357910;,
  1.932385;65.647891;-0.222090;,
  2.132784;66.069382;0.066710;,
  1.839385;65.671488;0.088710;,
  1.932385;65.647891;-0.222090;,
  1.839385;65.671488;0.088710;,
  1.700085;65.430381;-0.138490;,
  1.601785;65.268480;-0.336190;,
  1.932385;65.647891;-0.222090;,
  1.700085;65.430381;-0.138490;,
  2.155684;65.966285;-0.231390;,
  2.132784;66.069382;0.066710;,
  1.932385;65.647891;-0.222090;,
  1.432185;65.091187;-0.843290;,
  1.879285;65.534483;-0.445590;,
  1.601785;65.268480;-0.336190;,
  1.932385;65.647891;-0.222090;,
  1.601785;65.268480;-0.336190;,
  1.879285;65.534483;-0.445590;,
  2.070884;65.804282;-0.535990;,
  1.932385;65.647891;-0.222090;,
  1.879285;65.534483;-0.445590;,
  1.932385;65.647891;-0.222090;,
  2.070884;65.804282;-0.535990;,
  2.155684;65.966285;-0.231390;,
  2.070884;65.804282;-0.535990;,
  2.273384;66.286586;-0.221090;,
  2.155684;65.966285;-0.231390;,
  2.273384;66.286586;-0.221090;,
  2.132784;66.069382;0.066710;,
  2.155684;65.966285;-0.231390;,
  2.132784;66.069382;0.066710;,
  2.273384;66.286586;-0.221090;,
  2.266084;66.384986;0.087910;,
  2.200084;66.456582;0.375010;,
  2.132784;66.069382;0.066710;,
  2.266084;66.384986;0.087910;,
  2.266084;66.384986;0.087910;,
  2.397383;66.576883;0.398511;,
  2.200084;66.456582;0.375010;,
  2.397383;66.576883;0.398511;,
  2.266084;66.384986;0.087910;,
  2.406384;66.683085;0.143711;,
  2.742684;66.573286;0.427611;,
  2.397383;66.576883;0.398511;,
  2.406384;66.683085;0.143711;,
  2.406384;66.683085;0.143711;,
  2.847683;67.193984;0.523611;,
  2.742684;66.573286;0.427611;,
  2.847683;67.193984;0.523611;,
  2.406384;66.683085;0.143711;,
  2.662883;67.287987;0.154311;,
  2.406384;66.683085;0.143711;,
  2.593683;67.309485;-0.197089;,
  2.662883;67.287987;0.154311;,
  2.593683;67.309485;-0.197089;,
  2.406384;66.683085;0.143711;,
  2.404084;66.718182;-0.224889;,
  2.399184;66.660288;-0.797689;,
  2.593683;67.309485;-0.197089;,
  2.404084;66.718182;-0.224889;,
  2.404084;66.718182;-0.224889;,
  2.234284;66.166285;-0.633890;,
  2.399184;66.660288;-0.797689;,
  2.104985;65.964979;-1.095790;,
  2.399184;66.660288;-0.797689;,
  2.234284;66.166285;-0.633890;,
  1.492286;65.120781;-1.384291;,
  1.934285;65.601984;-0.940690;,
  1.724385;65.332685;-0.862490;,
  1.724385;65.332685;-0.862490;,
  1.206686;64.876986;-1.363191;,
  1.492286;65.120781;-1.384291;,
  1.206686;64.876986;-1.363191;,
  1.724385;65.332685;-0.862490;,
  1.432185;65.091187;-0.843290;,
  1.879285;65.534483;-0.445590;,
  1.432185;65.091187;-0.843290;,
  1.724385;65.332685;-0.862490;,
  1.724385;65.332685;-0.862490;,
  2.070884;65.804282;-0.535990;,
  1.879285;65.534483;-0.445590;,
  2.070884;65.804282;-0.535990;,
  1.724385;65.332685;-0.862490;,
  1.934285;65.601984;-0.940690;,
  1.934285;65.601984;-0.940690;,
  2.234284;66.166285;-0.633890;,
  2.070884;65.804282;-0.535990;,
  2.273384;66.286586;-0.221090;,
  2.070884;65.804282;-0.535990;,
  2.234284;66.166285;-0.633890;,
  2.234284;66.166285;-0.633890;,
  2.404084;66.718182;-0.224889;,
  2.273384;66.286586;-0.221090;,
  2.406384;66.683085;0.143711;,
  2.273384;66.286586;-0.221090;,
  2.404084;66.718182;-0.224889;,
  2.406384;66.683085;0.143711;,
  2.266084;66.384986;0.087910;,
  2.273384;66.286586;-0.221090;,
  2.234284;66.166285;-0.633890;,
  1.934285;65.601984;-0.940690;,
  2.104985;65.964979;-1.095790;,
  1.751185;65.415187;-1.438990;,
  2.104985;65.964979;-1.095790;,
  1.934285;65.601984;-0.940690;,
  1.934285;65.601984;-0.940690;,
  1.492286;65.120781;-1.384291;,
  1.751185;65.415187;-1.438990;,
  1.198986;64.945683;-1.849491;,
  1.751185;65.415187;-1.438990;,
  1.492286;65.120781;-1.384291;,
  1.198986;64.945683;-1.849491;,
  1.492286;65.120781;-1.384291;,
  1.206686;64.876986;-1.363191;,
  1.206686;64.876986;-1.363191;,
  0.903886;64.685587;-1.894491;,
  1.198986;64.945683;-1.849491;,
  0.885786;64.700288;-2.167891;,
  1.198986;64.945683;-1.849491;,
  0.903886;64.685587;-1.894491;,
  0.903886;64.685587;-1.894491;,
  0.622286;64.493581;-2.261191;,
  0.885786;64.700288;-2.167891;,
  0.612486;64.603290;-2.495690;,
  0.885786;64.700288;-2.167891;,
  0.622286;64.493581;-2.261191;,
  0.622286;64.493581;-2.261191;,
  0.424086;64.510579;-2.558191;,
  0.612486;64.603290;-2.495690;,
  0.415986;64.696486;-2.702890;,
  0.612486;64.603290;-2.495690;,
  0.424086;64.510579;-2.558191;,
  0.424086;64.510579;-2.558191;,
  0.209887;64.612883;-2.787991;,
  0.415986;64.696486;-2.702890;,
  0.188286;64.904083;-2.880291;,
  0.415986;64.696486;-2.702890;,
  0.209887;64.612883;-2.787991;,
  0.209887;64.612883;-2.787991;,
  -0.000014;64.883283;-2.896091;,
  0.188286;64.904083;-2.880291;,
  -0.000014;64.883283;-2.896091;,
  0.178786;65.305184;-2.865691;,
  0.188286;64.904083;-2.880291;,
  0.178786;65.305184;-2.865691;,
  -0.000014;64.883283;-2.896091;,
  -0.000014;65.323290;-2.899791;,
  -0.000014;65.323290;-2.899791;,
  0.207986;65.491584;-2.938091;,
  0.178786;65.305184;-2.865691;,
  0.207986;65.491584;-2.938091;,
  -0.000014;65.323290;-2.899791;,
  -0.000014;65.495782;-2.951891;,
  -0.000014;64.883283;-2.896091;,
  0.209887;64.612883;-2.787991;,
  -0.000013;64.607283;-2.812091;,
  -0.000014;65.323290;-2.899791;,
  -0.208014;65.491584;-2.938091;,
  -0.000014;65.495782;-2.951891;,
  -0.229114;65.568282;-3.021690;,
  -0.000014;65.495782;-2.951891;,
  -0.208014;65.491584;-2.938091;,
  -0.000014;65.495782;-2.951891;,
  -0.229114;65.568282;-3.021690;,
  -0.000014;65.576384;-3.060791;,
  -0.458114;65.588186;-2.886791;,
  -0.229114;65.568282;-3.021690;,
  -0.208014;65.491584;-2.938091;,
  -0.826514;65.761382;-2.667191;,
  -0.759114;65.799987;-2.716591;,
  -0.756214;65.708883;-2.697091;,
  -0.756214;65.708883;-2.697091;,
  -0.877414;65.573485;-2.593291;,
  -0.826514;65.761382;-2.667191;,
  -0.877414;65.573485;-2.593291;,
  -0.756214;65.708883;-2.697091;,
  -0.752114;65.448582;-2.632491;,
  -0.639814;65.650285;-2.774791;,
  -0.752114;65.448582;-2.632491;,
  -0.756214;65.708883;-2.697091;,
  -0.752114;65.448582;-2.632491;,
  -0.639814;65.650285;-2.774791;,
  -0.610014;65.373581;-2.701091;,
  -0.458114;65.588186;-2.886791;,
  -0.610014;65.373581;-2.701091;,
  -0.639814;65.650285;-2.774791;,
  -0.610014;65.373581;-2.701091;,
  -0.458114;65.588186;-2.886791;,
  -0.374014;65.290381;-2.802491;,
