xof 0303txt 0032
template Frame {
 <3d82ab46-62da-11cf-ab39-0020af71e433>
 [...]
}

template Matrix4x4 {
 <f6f23f45-7686-11cf-8f52-0040333594a3>
 array FLOAT matrix[16];
}

template FrameTransformMatrix {
 <f6f23f41-7686-11cf-8f52-0040333594a3>
 Matrix4x4 frameMatrix;
}

template AnimTicksPerSecond {
 <9e415a43-7ba6-4a73-8743-b73d47e88476>
 DWORD AnimTicksPerSecond;
}

template Animation {
 <3d82ab4f-62da-11cf-ab39-0020af71e433>
 [...]
}

template AnimationSet {
 <3d82ab50-62da-11cf-ab39-0020af71e433>
 [Animation <3d82ab4f-62da-11cf-ab39-0020af71e433>]
}

template FloatKeys {
 <10dd46a9-775b-11cf-8f52-0040333594a3>
 DWORD nValues;
 array FLOAT values[nValues];
}

template TimedFloatKeys {
 <f406b180-7b3b-11cf-8f52-0040333594a3>
 DWORD time;
 FloatKeys tfkeys;
}

template AnimationKey {
 <10dd46a8-775b-11cf-8f52-0040333594a3>
 DWORD keyType;
 DWORD nKeys;
 array TimedFloatKeys keys[nKeys];
}


Frame ValveBiped_Bip01 {
 

 FrameTransformMatrix {
  -0.782139,-0.100661,-0.614920,0.000000,0.070111,0.966381,-0.247371,0.000000,0.619147,-0.236591,-0.748787,0.000000,0.000000,22.511867,0.000000,1.000000;;
 }

 Frame ValveBiped_Bip01_Pelvis {
  

  FrameTransformMatrix {
   -0.146231,0.963684,-0.223449,0.000000,0.249142,0.254472,0.934437,0.000000,0.957363,0.080973,-0.277306,0.000000,0.000000,0.000000,0.000000,1.000000;;
  }

  Frame ValveBiped_Bip01_Spine {
   

   FrameTransformMatrix {
    0.998607,0.024865,0.046540,0.000000,-0.019159,0.992680,-0.119249,0.000000,-0.049164,0.118191,0.991773,0.000000,3.378555,0.888396,0.280921,1.000000;;
   }

   Frame ValveBiped_Bip01_Spine1 {
    

    FrameTransformMatrix {
     0.934169,-0.003118,0.356819,0.000000,-0.012072,0.999113,0.040335,0.000000,-0.356628,-0.041987,0.933303,0.000000,3.358982,0.000029,-0.003521,1.000000;;
    }

    Frame ValveBiped_Bip01_Spine2 {
     

     FrameTransformMatrix {
      0.996237,0.035799,0.078937,0.000000,-0.029655,0.996537,-0.077678,0.000000,-0.081445,0.075045,0.993849,0.000000,4.426817,0.000038,-0.004414,1.000000;;
     }

     Frame ValveBiped_Bip01_Spine4 {
      

      FrameTransformMatrix {
       0.999833,-0.006411,-0.017106,0.000000,0.007123,0.999096,0.041907,0.000000,0.016822,-0.042022,0.998975,0.000000,5.585171,0.000176,-0.002013,1.000000;;
      }

      Frame ValveBiped_Bip01_Neck1 {
       

       FrameTransformMatrix {
        0.923587,-0.014088,0.383130,0.000000,-0.210691,0.816246,0.537914,0.000000,-0.320306,-0.577533,0.750907,0.000000,2.712719,-0.001124,-1.510654,1.000000;;
       }

       Frame ValveBiped_Bip01_Head1 {
        

        FrameTransformMatrix {
         0.856271,-0.515754,-0.028243,0.000000,0.459417,0.735468,0.498019,0.000000,-0.236083,-0.439415,0.866706,0.000000,2.667385,0.000000,-0.000002,1.000000;;
        }
       }

       Frame ValveBiped_Bip01_L_Clavicle {
        

        FrameTransformMatrix {
         -0.250131,0.607098,-0.754232,0.000000,0.900171,-0.141050,-0.412064,0.000000,-0.356547,-0.782008,-0.511212,0.000000,-0.200439,1.537558,-0.214668,1.000000;;
        }

        Frame ValveBiped_Bip01_L_UpperArm {
         

         FrameTransformMatrix {
          0.721981,-0.683129,0.109898,0.000000,0.689900,0.698638,-0.189585,0.000000,0.052733,0.212695,0.975695,0.000000,4.107862,0.000004,0.000002,1.000000;;
         }

         Frame ValveBiped_Bip01_L_Forearm {
          

          FrameTransformMatrix {
           -0.293940,-0.000000,-0.955824,0.000000,0.000000,1.000000,0.000000,0.000000,0.955824,0.000000,-0.293940,0.000000,10.499826,0.000010,0.000000,1.000000;;
          }

          Frame ValveBiped_Bip01_L_Hand {
           

           FrameTransformMatrix {
            0.840944,-0.239436,0.485266,0.000000,0.031968,-0.873229,-0.486262,0.000000,0.540177,0.424432,-0.726682,0.000000,10.774786,0.000004,0.000000,1.000000;;
           }

           Frame ValveBiped_Bip01_L_Finger0 {
            

            FrameTransformMatrix {
             0.565834,-0.437052,0.699155,0.000000,0.200350,-0.749660,-0.630769,0.000000,0.799807,0.496987,-0.336620,0.000000,0.510504,-0.778589,0.199406,1.000000;;
            }

            Frame ValveBiped_Bip01_L_Finger01 {
             

             FrameTransformMatrix {
              0.936281,0.000001,0.351252,0.000000,-0.000001,1.000000,-0.000000,0.000000,-0.351252,-0.000000,0.936281,0.000000,1.914632,0.000003,0.000000,1.000000;;
             }

             Frame ValveBiped_Bip01_L_Finger02 {
              

              FrameTransformMatrix {
               0.536360,0.000001,0.843989,0.000000,-0.000001,1.000000,-0.000001,0.000000,-0.843989,0.000000,0.536360,0.000000,1.183788,-0.000004,0.000000,1.000000;;
              }
             }
            }
           }

           Frame ValveBiped_Bip01_L_Finger1 {
            

            FrameTransformMatrix {
             0.433648,0.006041,0.901062,0.000000,-0.022773,0.999732,0.004257,0.000000,-0.900794,-0.022366,0.433669,0.000000,3.715988,-0.896519,-0.316267,1.000000;;
            }

            Frame ValveBiped_Bip01_L_Finger11 {
             

             FrameTransformMatrix {
              0.204737,0.000000,0.978817,0.000000,-0.000000,1.000000,0.000000,0.000000,-0.978817,0.000000,0.204737,0.000000,1.551166,-0.000002,0.000000,1.000000;;
             }

             Frame ValveBiped_Bip01_L_Finger12 {
              

              FrameTransformMatrix {
               0.712295,-0.000000,0.701881,0.000000,0.000000,1.000000,-0.000000,0.000000,-0.701881,0.000000,0.712295,0.000000,1.096724,0.000000,-0.000002,1.000000;;
              }
             }
            }
           }

           Frame ValveBiped_Bip01_L_Finger2 {
            

            FrameTransformMatrix {
             0.275935,-0.036239,0.960493,0.000000,-0.048307,0.997503,0.051513,0.000000,-0.959961,-0.060613,0.273496,0.000000,3.773999,0.032129,-0.343857,1.000000;;
            }

            Frame ValveBiped_Bip01_L_Finger21 {
             

             FrameTransformMatrix {
              0.348411,-0.000000,0.937342,0.000000,0.000001,1.000000,-0.000000,0.000000,-0.937342,0.000001,0.348411,0.000000,1.693275,0.000002,0.000000,1.000000;;
             }

             Frame ValveBiped_Bip01_L_Finger22 {
              

              FrameTransformMatrix {
               0.891741,-0.000000,0.452548,0.000000,0.000000,1.000000,-0.000001,0.000000,-0.452547,0.000001,0.891740,0.000000,1.096508,0.000001,0.000000,1.000000;;
              }
             }
            }
           }

           Frame ValveBiped_Bip01_L_Finger3 {
            

            FrameTransformMatrix {
             0.120325,-0.026919,0.992369,0.000000,-0.265218,0.962426,0.058264,0.000000,-0.956651,-0.270205,0.108665,0.000000,3.611586,0.812980,-0.245846,1.000000;;
            }

            Frame ValveBiped_Bip01_L_Finger31 {
             

             FrameTransformMatrix {
              0.612678,0.000001,0.790332,0.000000,0.000000,1.000000,-0.000001,0.000000,-0.790332,0.000001,0.612678,0.000000,1.396450,-0.000001,0.000006,1.000000;;
             }

             Frame ValveBiped_Bip01_L_Finger32 {
              

              FrameTransformMatrix {
               0.743181,0.000001,0.669090,0.000000,0.000000,1.000000,-0.000001,0.000000,-0.669090,0.000001,0.743181,0.000000,1.039906,0.000000,-0.000003,1.000000;;
              }
             }
            }
           }

           Frame ValveBiped_Bip01_L_Finger4 {
            

            FrameTransformMatrix {
             0.050780,0.015337,0.998592,0.000000,-0.546105,0.837584,0.014906,0.000000,-0.836176,-0.546093,0.050908,0.000000,3.130728,1.483110,0.066673,1.000000;;
            }

            Frame ValveBiped_Bip01_L_Finger41 {
             

             FrameTransformMatrix {
              0.844925,0.000000,0.534885,0.000000,0.000001,1.000000,-0.000001,0.000000,-0.534885,0.000001,0.844925,0.000000,1.026257,0.000001,-0.000004,1.000000;;
             }

             Frame ValveBiped_Bip01_L_Finger42 {
              

              FrameTransformMatrix {
               0.816864,0.000000,0.576830,0.000000,0.000001,1.000000,-0.000001,0.000000,-0.576830,0.000001,0.816864,0.000000,0.800844,0.000002,-0.000001,1.000000;;
              }
             }
            }
           }

           Frame ValveBiped_Anim_Attachment_LH {
            

            FrameTransformMatrix {
             -0.263854,0.964313,0.021923,0.000000,0.961392,0.264760,-0.075021,0.000000,-0.078148,0.001283,-0.996941,0.000000,2.682125,-0.009733,0.691864,1.000000;;
            }
           }
          }

          Frame ValveBiped_Bip01_L_ForeTwist {
           

           FrameTransformMatrix {
            1.000000,0.000001,0.000000,0.000000,-0.000001,0.769352,0.638825,0.000000,0.000001,-0.638825,0.769353,0.000000,0.000000,0.000002,0.000000,1.000000;;
           }

           Frame ValveBiped_Bip01_L_ForeTwist1 {
            

            FrameTransformMatrix {
             1.000000,0.000001,-0.000000,0.000000,-0.000001,0.769352,0.638825,0.000000,0.000001,-0.638825,0.769352,0.000000,5.387398,0.000011,0.000000,1.000000;;
            }
           }
          }

          Frame ValveBiped_Anim_Attachment_LF {
           

           FrameTransformMatrix {
            -0.001465,-0.002454,0.999996,0.000000,-0.999823,-0.018784,-0.001511,0.000000,0.018788,-0.999821,-0.002426,0.000000,6.644892,2.096664,-2.260197,1.000000;;
           }
          }
         }

         Frame ValveBiped_Bip01_L_Shoulder01 {
          

          FrameTransformMatrix {
           1.000000,0.000001,0.000000,0.000000,-0.000001,0.992959,0.118461,0.000000,0.000000,-0.118461,0.992959,0.000000,0.000000,0.000000,0.000000,1.000000;;
          }
         }

         Frame ValveBiped_Bip01_L_UpperArm01 {
          

          FrameTransformMatrix {
           1.000000,0.000001,-0.000000,0.000000,-0.000001,0.998081,0.061912,0.000000,0.000000,-0.061912,0.998081,0.000000,3.541124,0.000006,0.000002,1.000000;;
          }
         }
        }
       }

       Frame ValveBiped_Bip01_R_Clavicle {
        

        FrameTransformMatrix {
         -0.260673,-0.801847,0.537673,0.000000,-0.886476,0.419380,0.195655,0.000000,-0.382375,-0.425632,-0.820139,0.000000,-0.164776,-0.724941,1.381817,1.000000;;
        }

        Frame ValveBiped_Bip01_R_UpperArm {
         

         FrameTransformMatrix {
          0.949453,0.262237,-0.172544,0.000000,-0.097546,0.768919,0.631861,0.000000,0.298370,-0.583092,0.755632,0.000000,4.107860,-0.000004,0.000002,1.000000;;
         }

         Frame ValveBiped_Bip01_R_Forearm {
          

          FrameTransformMatrix {
           -0.338530,0.000000,-0.940956,0.000000,0.000000,1.000000,-0.000000,0.000000,0.940955,-0.000000,-0.338530,0.000000,10.499823,-0.000008,0.000002,1.000000;;
          }

          Frame ValveBiped_Bip01_R_Hand {
           

           FrameTransformMatrix {
            0.998175,-0.037004,0.047731,0.000000,0.060379,0.629321,-0.774796,0.000000,-0.001368,0.776264,0.630407,0.000000,10.774798,-0.000006,0.000005,1.000000;;
           }

           Frame ValveBiped_Bip01_R_Finger0 {
            

            FrameTransformMatrix {
             0.846272,0.325914,0.421430,0.000000,-0.129259,-0.641799,0.755901,0.000000,0.516832,-0.694171,-0.501010,0.000000,0.510502,0.778587,0.199396,1.000000;;
            }

            Frame ValveBiped_Bip01_R_Finger01 {
             

             FrameTransformMatrix {
              0.998197,0.000000,0.060034,0.000000,0.000000,1.000000,-0.000000,0.000000,-0.060034,-0.000000,0.998196,0.000000,1.914627,-0.000004,0.000000,1.000000;;
             }

             Frame ValveBiped_Bip01_R_Finger02 {
              

              FrameTransformMatrix {
               0.880922,-0.000001,0.473261,0.000000,0.000001,1.000000,0.000000,0.000000,-0.473261,0.000000,0.880922,0.000000,1.183792,-0.000004,0.000003,1.000000;;
              }
             }
            }
           }

           Frame ValveBiped_Bip01_R_Finger1 {
            

            FrameTransformMatrix {
             0.357109,-0.021212,0.933822,0.000000,0.039859,0.999177,0.007454,0.000000,-0.933212,0.034559,0.357661,0.000000,3.715991,0.896521,-0.316263,1.000000;;
            }

            Frame ValveBiped_Bip01_R_Finger11 {
             

             FrameTransformMatrix {
              0.109074,-0.000000,0.994034,0.000000,0.000000,1.000000,0.000000,0.000000,-0.994034,0.000000,0.109074,0.000000,1.551167,0.000000,-0.000003,1.000000;;
             }

             Frame ValveBiped_Bip01_R_Finger12 {
              

              FrameTransformMatrix {
               0.675427,-0.000000,0.737426,0.000000,0.000000,1.000000,0.000000,0.000000,-0.737426,0.000000,0.675428,0.000000,1.096726,0.000000,0.000004,1.000000;;
              }
             }
            }
           }

           Frame ValveBiped_Bip01_R_Finger2 {
            

            FrameTransformMatrix {
             0.185947,0.036204,0.981892,0.000000,0.052553,0.997524,-0.046733,0.000000,-0.981153,0.060291,0.183584,0.000000,3.774000,-0.032125,-0.343857,1.000000;;
            }

            Frame ValveBiped_Bip01_R_Finger21 {
             

             FrameTransformMatrix {
              0.270798,0.000000,0.962636,0.000000,0.000000,1.000000,-0.000000,0.000000,-0.962636,-0.000000,0.270798,0.000000,1.693283,-0.000000,0.000003,1.000000;;
             }

             Frame ValveBiped_Bip01_R_Finger22 {
              

              FrameTransformMatrix {
               0.875186,-0.000000,0.483786,0.000000,0.000000,1.000000,-0.000000,0.000000,-0.483785,-0.000000,0.875187,0.000000,1.096511,0.000000,-0.000013,1.000000;;
              }
             }
            }
           }

           Frame ValveBiped_Bip01_R_Finger3 {
            

            FrameTransformMatrix {
             0.026695,0.050989,0.998342,0.000000,0.259632,0.964072,-0.056181,0.000000,-0.965339,0.260701,0.012498,0.000000,3.611586,-0.812977,-0.245848,1.000000;;
            }

            Frame ValveBiped_Bip01_R_Finger31 {
             

             FrameTransformMatrix {
              0.562405,0.000000,0.826862,0.000000,0.000000,1.000000,-0.000000,0.000000,-0.826862,0.000000,0.562405,0.000000,1.396442,0.000000,0.000002,1.000000;;
             }

             Frame ValveBiped_Bip01_R_Finger32 {
              

              FrameTransformMatrix {
               0.708085,0.000000,0.706127,0.000000,-0.000001,1.000000,0.000001,0.000000,-0.706127,-0.000001,0.708085,0.000000,1.039908,0.000003,0.000000,1.000000;;
              }
             }
            }
           }

           Frame ValveBiped_Bip01_R_Finger4 {
            

            FrameTransformMatrix {
             -0.001617,0.007447,0.999971,0.000000,0.540244,0.841491,-0.005393,0.000000,-0.841507,0.540220,-0.005384,0.000000,3.130728,-1.483107,0.066668,1.000000;;
            }

            Frame ValveBiped_Bip01_R_Finger41 {
             

             FrameTransformMatrix {
              0.811358,-0.000000,0.584549,0.000000,-0.000000,1.000000,0.000001,0.000000,-0.584549,-0.000001,0.811358,0.000000,1.026259,-0.000002,-0.000002,1.000000;;
             }

             Frame ValveBiped_Bip01_R_Finger42 {
              

              FrameTransformMatrix {
               0.795740,0.000001,0.605639,0.000000,-0.000001,1.000000,0.000000,0.000000,-0.605639,-0.000001,0.795740,0.000000,0.800842,0.000002,-0.000008,1.000000;;
              }
             }
            }
           }

           Frame ValveBiped_Anim_Attachment_RH {
            

            FrameTransformMatrix {
             0.464874,0.838940,-0.282969,0.000000,0.745744,-0.543296,-0.385610,0.000000,-0.477240,-0.031763,-0.878199,0.000000,13.208785,18.873666,-5.000712,1.000000;;
            }
           }
          }

          Frame ValveBiped_Bip01_R_ForeTwist {
           

           FrameTransformMatrix {
            1.000000,-0.000001,0.000000,0.000000,0.000001,0.974259,0.225432,0.000000,-0.000000,-0.225432,0.974259,0.000000,-0.000004,0.000002,0.000001,1.000000;;
           }

           Frame ValveBiped_Bip01_R_ForeTwist1 {
            

            FrameTransformMatrix {
             1.000000,-0.000001,0.000000,0.000000,0.000001,0.974259,0.225432,0.000000,-0.000000,-0.225432,0.974259,0.000000,5.387398,0.000004,0.000002,1.000000;;
            }
           }
          }
         }

         Frame ValveBiped_Bip01_R_Shoulder01 {
          

          FrameTransformMatrix {
           1.000000,-0.000001,0.000000,0.000000,0.000001,0.912600,-0.408854,0.000000,0.000000,0.408854,0.912600,0.000000,0.000003,-0.000004,0.000000,1.000000;;
          }
         }

         Frame ValveBiped_Bip01_R_UpperArm01 {
          

          FrameTransformMatrix {
           1.000000,-0.000001,0.000000,0.000000,0.000001,0.975951,-0.217991,0.000000,0.000000,0.217991,0.975951,0.000000,3.558451,-0.000006,0.000002,1.000000;;
          }
         }
        }
       }
      }
     }
    }

    Frame ValveBiped_Anim_Attachment_CAM {
     

     FrameTransformMatrix {
      -0.167938,0.071606,0.983194,0.000000,-0.029614,0.996542,-0.077636,0.000000,-0.985353,-0.042155,-0.165236,0.000000,3.746502,-0.027341,-0.103087,1.000000;;
     }
    }
   }

   Frame ValveBiped_Bip01_L_Thigh {
    

    FrameTransformMatrix {
     -0.459851,0.218014,0.860818,0.000000,-0.827436,-0.457060,-0.326262,0.000000,0.322316,-0.862303,0.390572,0.000000,-3.323624,2.718257,0.201185,1.000000;;
    }

    Frame ValveBiped_Bip01_L_Calf {
     

     FrameTransformMatrix {
      0.288120,-0.000000,-0.957595,0.000000,-0.000000,1.000000,0.000000,0.000000,0.957595,0.000000,0.288119,0.000000,18.369819,0.000000,-0.000000,1.000000;;
     }

     Frame ValveBiped_Bip01_L_Foot {
      

      FrameTransformMatrix {
       0.980271,0.142356,0.137128,0.000000,-0.150078,0.987524,0.047676,0.000000,-0.128630,-0.067316,0.989405,0.000000,19.744338,0.000000,0.000003,1.000000;;
      }

      Frame ValveBiped_Bip01_L_Toe0 {
       

       FrameTransformMatrix {
        -0.629480,0.229939,0.742215,0.000000,-0.440425,0.681360,-0.584615,0.000000,-0.640142,-0.694893,-0.327632,0.000000,4.613144,-0.000002,5.301872,1.000000;;
       }
      }
     }
    }
   }

   Frame ValveBiped_Bip01_R_Thigh {
    

    FrameTransformMatrix {
     -0.660582,-0.526058,0.535626,0.000000,0.614462,-0.788767,-0.016869,0.000000,0.431358,0.317978,0.844287,0.000000,-3.495502,-4.288616,-0.634759,1.000000;;
    }

    Frame ValveBiped_Bip01_R_Calf {
     

     FrameTransformMatrix {
      -0.192355,0.000000,-0.981325,0.000000,0.000000,1.000000,0.000000,0.000000,0.981325,-0.000000,-0.192355,0.000000,18.369821,0.000002,-0.000001,1.000000;;
     }

     Frame ValveBiped_Bip01_R_Foot {
      

      FrameTransformMatrix {
       0.624387,-0.350741,0.697941,0.000000,0.420760,0.903831,0.077790,0.000000,-0.658105,0.245095,0.711918,0.000000,19.744339,0.000002,0.000001,1.000000;;
      }

      Frame ValveBiped_Bip01_R_Toe0 {
       

       FrameTransformMatrix {
        -0.171971,-0.144094,0.974506,0.000000,0.388735,0.899038,0.201535,0.000000,-0.905158,0.413483,-0.098595,0.000000,4.613146,0.000000,5.301877,1.000000;;
       }
      }
     }
    }
   }
  }
 }

 Frame ValveBiped_Anim_Attachment_GRAPPLING {
  

  FrameTransformMatrix {
   0.000000,1.000000,0.000000,0.000000,-0.000001,0.000000,-1.000000,0.000000,-1.000000,0.000000,0.000001,0.000000,35.433075,-42.566678,-0.000051,1.000000;;
  }
 }

 Frame ValveBiped_Anim_Attachment_EyeTarget {
  

  FrameTransformMatrix {
   0.999969,-0.007872,-0.000001,0.000000,0.000001,0.000000,1.000000,0.000000,-0.007872,-0.999969,0.000000,0.000000,86.599008,25.693374,-0.000111,1.000000;;
  }
 }

 Frame ValveBiped_Anim_Attachment_ragdoll {
  

  FrameTransformMatrix {
   0.000000,1.000000,0.000000,0.000000,-0.000001,0.000000,-1.000000,0.000000,-1.000000,0.000000,0.000001,0.000000,35.433075,-42.566678,-0.000051,1.000000;;
  }
 }
}

Frame ValveBiped_Anim_Attachment_CAM_Origin {
 

 FrameTransformMatrix {
  1.000000,0.000000,0.000000,0.000000,0.000000,1.000000,0.000000,0.000000,0.000000,0.000000,1.000000,0.000000,-158.656397,0.000000,-0.617206,1.000000;;
 }
}

Frame ValveBiped_Anim_Attachment_resurrection {
 

 FrameTransformMatrix {
  0.000000,0.000000,-1.000000,0.000000,1.000000,0.000000,0.000000,0.000000,0.000000,-1.000000,0.000000,0.000000,-158.656397,0.000000,-0.617206,1.000000;;
 }
}

AnimTicksPerSecond  {
 4800;
}

AnimationSet Anim1 {
 

 Animation {
  
  { ValveBiped_Bip01 }

  AnimationKey S {
   1;
   2;
   0;3;1.000000,1.000000,1.000000;;,
   16000;3;1.000000,1.000000,1.000000;;;
  }

  AnimationKey R {
   0;
   101;
   0;4;-0.329945,-0.008168,0.935054,-0.129394;;,
   160;4;-0.329945,-0.008168,0.935054,-0.129394;;,
   320;4;-0.229114,-0.006606,0.967033,-0.110955;;,
   480;4;-0.138088,-0.005449,0.985855,-0.094825;;,
   640;4;-0.078988,-0.004848,0.993236,-0.084966;;,
   800;4;-0.026297,-0.004326,0.996776,-0.075683;;,
   960;4;0.023021,-0.003864,0.997488,-0.066872;;,
   1120;4;0.072213,-0.003530,0.995665,-0.058514;;,
   1280;4;0.124467,-0.003211,0.990937,-0.050415;;,
   1440;4;0.182895,-0.002955,0.982217,-0.042306;;,
   1600;4;0.250226,-0.002719,0.967588,-0.033960;;,
   1760;4;0.340926,-0.002648,0.939735,-0.025717;;,
   1920;4;0.455341,-0.002883,0.890124,-0.018318;;,
   2080;4;0.574838,-0.003330,0.818171,-0.012075;;,
   2240;4;0.692751,-0.003847,0.721138,-0.006453;;,
   2400;4;0.802181,-0.004409,0.597063,-0.001339;;,
   2560;4;0.889424,-0.004998,0.457048,0.002688;;,
   2720;4;0.948203,-0.005500,0.317576,0.005118;;,
   2880;4;0.982804,-0.006025,0.184465,0.005817;;,
   3040;4;0.998536,-0.006488,0.053458,0.005207;;,
   3200;4;0.997343,-0.006925,-0.072422,0.003765;;,
   3360;4;0.981624,-0.007283,-0.190673,0.002115;;,
   3520;4;0.954112,-0.007484,-0.299357,0.000907;;,
   3680;4;0.918100,-0.007513,-0.396278,0.000123;;,
   3840;4;0.876114,-0.007503,-0.482046,-0.000580;;,
   4000;4;0.828670,-0.007393,-0.559687,-0.001284;;,
   4160;4;0.775156,-0.007248,-0.631725,-0.001957;;,
   4320;4;0.713994,-0.007062,-0.700112,-0.002607;;,
   4480;4;0.642757,-0.006751,-0.766033,-0.003292;;,
   4640;4;0.558331,-0.006392,-0.829584,-0.003965;;,
   4800;4;0.457515,-0.005900,-0.889170,-0.004661;;,
   4960;4;0.340889,-0.005265,-0.940074,-0.005380;;,
   5120;4;0.211576,-0.004487,-0.977333,-0.006027;;,
   5280;4;0.073930,-0.003603,-0.997235,-0.006578;;,
   5440;4;-0.066780,-0.002629,-0.997740,-0.007020;;,
   5600;4;-0.230310,-0.001439,-0.973088,-0.007373;;,
   5760;4;-0.382584,-0.000237,-0.923890,-0.007521;;,
   5920;4;-0.497972,0.000734,-0.867161,-0.007464;;,
   6080;4;-0.593405,0.001559,-0.804869,-0.007347;;,
   6240;4;-0.657088,0.002168,-0.753776,-0.007209;;,
   6400;4;-0.692136,0.002362,-0.721726,-0.007304;;,
   6560;4;-0.711593,0.002306,-0.702547,-0.007578;;,
   6720;4;-0.720724,0.002353,-0.693176,-0.007625;;,
   6880;4;-0.724003,0.002974,-0.689754,-0.007042;;,
   7040;4;-0.724956,0.004118,-0.688759,-0.005823;;,
   7200;4;-0.724352,0.005530,-0.689395,-0.004323;;,
   7360;4;-0.722451,0.007164,-0.691380,-0.002564;;,
   7520;4;-0.719410,0.008907,-0.694529,-0.000702;;,
   7680;4;-0.715513,0.010632,-0.698517,0.001188;;,
   7840;4;-0.710917,0.012349,-0.703161,0.003028;;,
   8000;4;-0.705881,0.013924,-0.708177,0.004749;;,
   8160;4;-0.700606,0.015260,-0.713358,0.006248;;,
   8320;4;-0.695297,0.016300,-0.718500,0.007385;;,
   8480;4;-0.690269,0.016974,-0.723307,0.008159;;,
   8640;4;-0.685743,0.017181,-0.727593,0.008405;;,
   8800;4;-0.680696,0.016030,-0.732355,0.007248;;,
   8960;4;-0.674519,0.013169,-0.738127,0.004321;;,
   9120;4;-0.667974,0.009436,-0.744125,0.000425;;,
   9280;4;-0.661861,0.005468,-0.749597,-0.003709;;,
   9440;4;-0.657088,0.002168,-0.753776,-0.007209;;,
   9600;4;-0.656478,0.000136,-0.754285,-0.009513;;,
   9760;4;-0.655824,-0.001891,-0.754819,-0.011820;;,
   9920;4;-0.655127,-0.003896,-0.755376,-0.014146;;,
   10080;4;-0.654424,-0.005914,-0.755925,-0.016461;;,
   10240;4;-0.653787,-0.007899,-0.756406,-0.018743;;,
   10400;4;-0.653253,-0.009836,-0.756785,-0.021006;;,
   10560;4;-0.652894,-0.011762,-0.757002,-0.023219;;,
   10720;4;-0.652749,-0.013645,-0.757025,-0.025409;;,
   10880;4;-0.652817,-0.015462,-0.756860,-0.027474;;,
   11040;4;-0.653209,-0.017196,-0.756408,-0.029490;;,
   11200;4;-0.653961,-0.018887,-0.755640,-0.031425;;,
   11360;4;-0.655109,-0.020477,-0.754527,-0.033204;;,
   11520;4;-0.656725,-0.021968,-0.753003,-0.034889;;,
   11680;4;-0.665429,-0.021960,-0.745332,-0.034687;;,
   11840;4;-0.674827,-0.021781,-0.736858,-0.034275;;,
   12000;4;-0.684750,-0.021464,-0.727683,-0.033686;;,
   12160;4;-0.695032,-0.021045,-0.717915,-0.032948;;,
   12320;4;-0.705584,-0.020529,-0.707600,-0.032117;;,
   12480;4;-0.716251,-0.019937,-0.696861,-0.031171;;,
   12640;4;-0.726853,-0.019274,-0.685860,-0.030167;;,
   12800;4;-0.737316,-0.018598,-0.674665,-0.029108;;,
   12960;4;-0.747510,-0.017886,-0.663419,-0.028014;;,
   13120;4;-0.757341,-0.017203,-0.652237,-0.026949;;,
   13280;4;-0.766695,-0.016546,-0.641275,-0.025914;;,
   13440;4;-0.775767,-0.015922,-0.630327,-0.024900;;,
   13600;4;-0.784830,-0.015234,-0.619066,-0.023812;;,
   13760;4;-0.793846,-0.014513,-0.607523,-0.022682;;,
   13920;4;-0.802746,-0.013791,-0.595772,-0.021540;;,
   14080;4;-0.811557,-0.013032,-0.583774,-0.020358;;,
   14240;4;-0.820240,-0.012268,-0.571566,-0.019165;;,
   14400;4;-0.828765,-0.011499,-0.559190,-0.017961;;,
   14560;4;-0.837103,-0.010694,-0.546686,-0.016702;;,
   14720;4;-0.845250,-0.009906,-0.534055,-0.015477;;,
   14880;4;-0.853180,-0.009119,-0.521344,-0.014221;;,
   15040;4;-0.860868,-0.008308,-0.508595,-0.012974;;,
   15200;4;-0.868293,-0.007522,-0.495855,-0.011738;;,
   15360;4;-0.875459,-0.006724,-0.483132,-0.010490;;,
   15520;4;-0.882369,-0.005930,-0.470428,-0.009291;;,
   15680;4;-0.888962,-0.005204,-0.457880,-0.008120;;,
   15840;4;-0.895289,-0.004456,-0.445409,-0.006952;;,
   16000;4;-0.901295,-0.003726,-0.433150,-0.005808;;;
  }

  AnimationKey T {
   2;
   101;
   0;3;0.000000,22.511867,0.000000;;,
   160;3;0.000000,22.511867,0.000000;;,
   320;3;0.000000,21.558714,0.000000;;,
   480;3;0.000000,21.156358,0.000000;;,
   640;3;0.000000,21.402461,0.000000;;,
   800;3;0.000000,21.777470,0.000000;;,
   960;3;0.000000,22.261859,0.000000;;,
   1120;3;0.000000,22.832192,0.000000;;,
   1280;3;0.000000,23.468930,0.000000;;,
   1440;3;0.000000,24.152542,0.000000;;,
   1600;3;0.000000,24.859597,0.000000;;,
   1760;3;0.000000,26.054946,0.000000;;,
   1920;3;0.000000,27.551085,0.000000;;,
   2080;3;0.000000,28.797216,0.000000;;,
   2240;3;0.000000,29.555053,0.000000;;,
   2400;3;0.000000,30.305075,0.000000;;,
   2560;3;0.000000,30.867590,0.000000;;,
   2720;3;0.000000,31.066816,0.000000;;,
   2880;3;0.000000,30.808995,0.000000;;,
   3040;3;0.000000,30.234762,0.000000;;,
   3200;3;0.000000,29.523798,0.000000;;,
   3360;3;0.000000,28.867530,0.000000;;,
   3520;3;0.000000,28.441738,0.000000;;,
   3680;3;0.000000,28.262042,0.000000;;,
   3840;3;0.000000,28.203450,0.000000;;,
   4000;3;0.000000,28.250323,0.000000;;,
   4160;3;0.000000,28.383139,0.000000;;,
   4320;3;0.000000,28.590179,0.000000;;,
   4480;3;0.000000,29.117539,0.000000;;,
   4640;3;0.000000,30.070691,0.000000;;,
   4800;3;0.000000,31.363702,0.000000;;,
   4960;3;0.000000,32.812966,0.000000;;,
   5120;3;0.000000,34.031750,0.000000;;,
   5280;3;0.000000,34.926307,0.000000;;,
   5440;3;0.000000,34.965373,0.000000;;,
   5600;3;0.000000,33.465328,0.000000;;,
   5760;3;0.000000,31.059005,0.000000;;,
   5920;3;0.000000,27.847968,0.000000;;,
   6080;3;0.000000,24.363488,0.000000;;,
   6240;3;0.000000,22.164202,0.000000;;,
   6400;3;0.000000,21.746219,0.000000;;,
   6560;3;0.000000,22.230610,0.000000;;,
   6720;3;0.000000,23.082198,0.000000;;,
   6880;3;0.000000,23.754093,0.000000;;,
   7040;3;0.000000,24.175981,0.000000;;,
   7200;3;0.000000,24.605682,0.000000;;,
   7360;3;0.000000,25.039290,0.000000;;,
   7520;3;0.000000,25.457272,0.000000;;,
   7680;3;0.000000,25.855720,0.000000;;,
   7840;3;0.000000,26.230731,0.000000;;,
   8000;3;0.000000,26.586213,0.000000;;,
   8160;3;0.000000,26.906531,0.000000;;,
   8320;3;0.000000,27.183885,0.000000;;,
   8480;3;0.000000,27.418269,0.000000;;,
   8640;3;0.000000,27.633117,0.000000;;,
   8800;3;0.000000,27.820624,0.000000;;,
   8960;3;0.000000,27.965162,0.000000;;,
   9120;3;0.000000,28.070634,0.000000;;,
   9280;3;0.000000,28.148758,0.000000;;,
   9440;3;0.000000,28.234701,0.000000;;,
   9600;3;0.000000,28.324547,0.000000;;,
   9760;3;0.000000,28.414394,0.000000;;,
   9920;3;0.000000,28.500333,0.000000;;,
   10080;3;0.000000,28.582368,0.000000;;,
   10240;3;0.000000,28.656586,0.000000;;,
   10400;3;0.000000,28.722995,0.000000;;,
   10560;3;0.000000,28.777683,0.000000;;,
   10720;3;0.000000,28.820656,0.000000;;,
   10880;3;0.000000,28.844093,0.000000;;,
   11040;3;0.000000,28.851907,0.000000;;,
   11200;3;0.000000,28.840186,0.000000;;,
   11360;3;0.000000,28.801123,0.000000;;,
   11520;3;0.000000,28.742528,0.000000;;,
   11680;3;0.000000,28.629242,0.000000;;,
   11840;3;0.000000,28.453456,0.000000;;,
   12000;3;0.000000,28.230794,0.000000;;,
   12160;3;0.000000,27.965162,0.000000;;,
   12320;3;0.000000,27.676090,0.000000;;,
   12480;3;0.000000,27.375296,0.000000;;,
   12640;3;0.000000,27.074509,0.000000;;,
   12800;3;0.000000,26.785437,0.000000;;,
   12960;3;0.000000,26.519802,0.000000;;,
   13120;3;0.000000,26.293234,0.000000;;,
   13280;3;0.000000,26.117446,0.000000;;,
   13440;3;0.000000,26.035414,0.000000;;,
   13600;3;0.000000,26.176043,0.000000;;,
   13760;3;0.000000,26.703403,0.000000;;,
   13920;3;0.000000,27.523738,0.000000;;,
   14080;3;0.000000,28.433923,0.000000;;,
   14240;3;0.000000,29.414422,0.000000;;,
   14400;3;0.000000,30.437891,0.000000;;,
   14560;3;0.000000,31.488704,0.000000;;,
   14720;3;0.000000,32.539517,0.000000;;,
   14880;3;0.000000,33.570800,0.000000;;,
   15040;3;0.000000,34.559114,0.000000;;,
   15200;3;0.000000,35.481014,0.000000;;,
   15360;3;0.000000,36.316979,0.000000;;,
   15520;3;0.000000,37.039654,0.000000;;,
   15680;3;0.000000,37.633424,0.000000;;,
   15840;3;0.000000,37.965466,0.000000;;,
   16000;3;0.000000,37.988902,0.000000;;;
  }
 }

 Animation {
  
  { ValveBiped_Bip01_Pelvis }

  AnimationKey S {
   1;
   2;
   0;3;1.000000,1.000000,1.000000;;,
   16000;3;1.000000,1.000000,1.000000;;;
  }

  AnimationKey R {
   0;
   101;
   0;4;-0.455778,0.468136,0.647690,0.391935;;,
   160;4;-0.455778,0.468136,0.647690,0.391935;;,
   320;4;-0.477416,0.502252,0.625530,0.358510;;,
   480;4;-0.488973,0.527041,0.605889,0.340634;;,
   640;4;-0.490088,0.539263,0.592506,0.343431;;,
   800;4;-0.489712,0.550507,0.578169,0.350493;;,
   960;4;-0.487673,0.560229,0.564010,0.360848;;,
   1120;4;-0.483714,0.568025,0.551278,0.373445;;,
   1280;4;-0.477702,0.573477,0.541200,0.387333;;,
   1440;4;-0.469460,0.576270,0.535097,0.401487;;,
   1600;4;-0.458896,0.576034,0.534226,0.414972;;,
   1760;4;-0.433351,0.558959,0.558394,0.433553;;,
   1920;4;-0.394871,0.525543,0.601187,0.454375;;,
   2080;4;-0.369124,0.505926,0.624970,0.466046;;,
   2240;4;-0.361795,0.514463,0.619848,0.469277;;,
   2400;4;-0.361433,0.535624,0.602317,0.468708;;,
   2560;4;-0.370775,0.556872,0.581522,0.462874;;,
   2720;4;-0.393087,0.566067,0.567080,0.451077;;,
   2880;4;-0.436397,0.555937,0.562049,0.429642;;,
   3040;4;-0.495529,0.531990,0.559036,0.398644;;,
   3200;4;-0.554494,0.503272,0.553909,0.363922;;,
   3360;4;-0.599891,0.481365,0.545168,0.333482;;,
   3520;4;-0.620512,0.479659,0.533549,0.316572;;,
   3680;4;-0.609115,0.510278,0.516995,0.318296;;,
   3840;4;-0.572241,0.563533,0.494495,0.332334;;,
   4000;4;-0.520759,0.620775,0.469375,0.350906;;,
   4160;4;-0.469140,0.666432,0.447686,0.367905;;,
   4320;4;-0.435150,0.688998,0.438102,0.379465;;,
   4480;4;-0.460518,0.635856,0.493259,0.374574;;,
   4640;4;-0.503311,0.551972,0.544670,0.381234;;,
   4800;4;-0.527188,0.503216,0.531571,0.431601;;,
   4960;4;-0.549227,0.449796,0.498862,0.497162;;,
   5120;4;-0.563800,0.400390,0.457964,0.558646;;,
   5280;4;-0.569776,0.366684,0.424249,0.600759;;,
   5440;4;-0.568762,0.361646,0.415123,0.611061;;,
   5600;4;-0.520575,0.499003,0.512259,0.466463;;,
   5760;4;-0.445903,0.619520,0.579464,0.285634;;,
   5920;4;-0.477467,0.614841,0.545817,0.309968;;,
   6080;4;-0.537661,0.569118,0.480501,0.395150;;,
   6240;4;-0.562316,0.530687,0.444223,0.452590;;,
   6400;4;-0.535799,0.528361,0.472325,0.458981;;,
   6560;4;-0.484260,0.535819,0.527835,0.446969;;,
   6720;4;-0.428930,0.542704,0.581935,0.427602;;,
   6880;4;-0.396051,0.543999,0.611162,0.416760;;,
   7040;4;-0.385617,0.541646,0.619709,0.416988;;,
   7200;4;-0.378321,0.539070,0.625461,0.418420;;,
   7360;4;-0.373846,0.536338,0.628803,0.420937;;,
   7520;4;-0.371791,0.533520,0.630127,0.424345;;,
   7680;4;-0.371797,0.530624,0.629761,0.428494;;,
   7840;4;-0.373454,0.527685,0.628059,0.433154;;,
   8000;4;-0.376353,0.524706,0.625352,0.438151;;,
   8160;4;-0.380138,0.521685,0.621947,0.443308;;,
   8320;4;-0.384334,0.518697,0.618237,0.448357;;,
   8480;4;-0.388578,0.515745,0.614549,0.453149;;,
   8640;4;-0.392520,0.512835,0.611222,0.457534;;,
   8800;4;-0.400404,0.508623,0.605501,0.462977;;,
   8960;4;-0.414184,0.502948,0.595627,0.469813;;,
   9120;4;-0.430014,0.497751,0.583572,0.476211;;,
   9280;4;-0.444294,0.495059,0.571448,0.480591;;,
   9440;4;-0.453454,0.497163,0.561642,0.481422;;,
   9600;4;-0.458864,0.503377,0.553536,0.479223;;,
   9760;4;-0.464101,0.511280,0.544991,0.475592;;,
   9920;4;-0.469011,0.520496,0.536179,0.470771;;,
   10080;4;-0.473560,0.530583,0.527158,0.465110;;,
   10240;4;-0.477605,0.541199,0.518127,0.458848;;,
   10400;4;-0.481103,0.551937,0.509204,0.452345;;,
   10560;4;-0.484006,0.562439,0.500548,0.445928;;,
   10720;4;-0.486246,0.572375,0.492366,0.439918;;,
   10880;4;-0.487796,0.581417,0.484840,0.434671;;,
   11040;4;-0.488614,0.589271,0.478192,0.430522;;,
   11200;4;-0.488734,0.595581,0.472582,0.427889;;,
   11360;4;-0.488094,0.600079,0.468263,0.427082;;,
   11520;4;-0.486705,0.602427,0.465407,0.428481;;,
   11680;4;-0.483816,0.602010,0.464844,0.432928;;,
   11840;4;-0.478931,0.598771,0.466920,0.440550;;,
   12000;4;-0.472449,0.593132,0.471018,0.450699;;,
   12160;4;-0.464662,0.585602,0.476600,0.462613;;,
   12320;4;-0.455984,0.576626,0.483054,0.475647;;,
   12480;4;-0.446848,0.566683,0.489796,0.489180;;,
   12640;4;-0.437627,0.556393,0.496368,0.502522;;,
   12800;4;-0.428836,0.546333,0.502263,0.515123;;,
   12960;4;-0.420982,0.537146,0.507036,0.526463;;,
   13120;4;-0.414569,0.529547,0.510324,0.535987;;,
   13280;4;-0.410174,0.524207,0.511702,0.543254;;,
   13440;4;-0.407462,0.520978,0.511193,0.548852;;,
   13600;4;-0.405799,0.519115,0.509216,0.553666;;,
   13760;4;-0.405205,0.518500,0.506108,0.557514;;,
   13920;4;-0.405825,0.518871,0.502059,0.560371;;,
   14080;4;-0.407617,0.520152,0.497436,0.562004;;,
   14240;4;-0.410698,0.522096,0.492448,0.562351;;,
   14400;4;-0.415085,0.524549,0.487388,0.561254;;,
   14560;4;-0.420806,0.527354,0.482552,0.558538;;,
   14720;4;-0.427912,0.530300,0.478181,0.554090;;,
   14880;4;-0.436690,0.533633,0.473846,0.547730;;,
   15040;4;-0.447129,0.537595,0.469000,0.539542;;,
   15200;4;-0.458838,0.542016,0.463736,0.529751;;,
   15360;4;-0.471458,0.546692,0.458102,0.518651;;,
   15520;4;-0.484661,0.551430,0.452161,0.506537;;,
   15680;4;-0.498064,0.556103,0.446037,0.493693;;,
   15840;4;-0.511365,0.560549,0.439833,0.480456;;,
   16000;4;-0.524227,0.564683,0.433708,0.467136;;;
  }

  AnimationKey T {
   2;
   2;
   0;3;0.000000,0.000000,0.000000;;,
   16000;3;0.000000,0.000000,0.000000;;;
  }
 }

 Animation {
  
  { ValveBiped_Bip01_Spine }

  AnimationKey S {
   1;
   2;
   0;3;1.000000,1.000000,1.000000;;,
   16000;3;1.000000,1.000000,1.000000;;;
  }

  AnimationKey R {
   0;
   101;
   0;4;0.997880,0.059486,0.023977,-0.011029;;,
   160;4;0.997880,0.059486,0.023977,-0.011029;;,
   320;4;0.996187,0.086616,0.007809,-0.006956;;,
   480;4;0.992960,0.116388,-0.018710,-0.011599;;,
   640;4;0.989758,0.139090,-0.027794,-0.016158;;,
   800;4;0.986365,0.159019,-0.037686,-0.019398;;,
   960;4;0.983667,0.173374,-0.044464,-0.019074;;,
   1120;4;0.981579,0.184379,-0.047539,-0.015755;;,
   1280;4;0.979662,0.194492,-0.047842,-0.012073;;,
   1440;4;0.978442,0.201734,-0.043350,-0.008686;;,
   1600;4;0.978394,0.204171,-0.031918,-0.006359;;,
   1760;4;0.979013,0.202911,0.014763,-0.011992;;,
   1920;4;0.976060,0.197203,0.088433,-0.024457;;,
   2080;4;0.973207,0.182193,0.137099,-0.029640;;,
   2240;4;0.976640,0.155887,0.147221,-0.014144;;,
   2400;4;0.981952,0.123060,0.142981,0.013564;;,
   2560;4;0.986802,0.089201,0.129486,0.038707;;,
   2720;4;0.991175,0.058782,0.110026,0.044844;;,
   2880;4;0.996119,0.027382,0.080867,0.021415;;,
   3040;4;0.998920,-0.007277,0.040826,-0.020954;;,
   3200;4;0.996924,-0.038440,-0.002431,-0.068256;;,
   3360;4;0.991703,-0.059976,-0.040829,-0.106119;;,
   3520;4;0.988288,-0.066423,-0.066848,-0.120028;;,
   3680;4;0.989752,-0.050914,-0.079499,-0.107141;;,
   3840;4;0.993508,-0.016553,-0.084930,-0.073863;;,
   4000;4;0.995785,0.027292,-0.085410,-0.019315;;,
   4160;4;0.993268,0.069287,-0.081954,0.043608;;,
   4320;4;0.988644,0.098392,-0.075161,0.085166;;,
   4480;4;0.994537,0.094033,-0.039822,0.021662;;,
   4640;4;0.996482,0.060232,0.009678,-0.057458;;,
   4800;4;0.997273,0.013442,0.046856,-0.055412;;,
   4960;4;0.994800,-0.043660,0.084958,-0.035329;;,
   5120;4;0.988162,-0.096909,0.118857,-0.004130;;,
   5280;4;0.980038,-0.132729,0.145119,0.029136;;,
   5440;4;0.975407,-0.138219,0.163050,0.053769;;,
   5600;4;0.985702,0.012585,0.163239,0.039819;;,
   5760;4;0.977367,0.153336,0.145665,0.004954;;,
   5920;4;0.990969,0.083349,0.101544,0.026889;;,
   6080;4;0.995571,-0.055976,0.050398,0.056254;;,
   6240;4;0.986500,-0.148659,0.028242,0.062618;;,
   6400;4;0.986761,-0.148424,0.043923,0.048406;;,
   6560;4;0.990716,-0.109150,0.077169,0.024746;;,
   6720;4;0.992073,-0.060575,0.110093,0.000765;;,
   6880;4;0.991225,-0.033812,0.127044,-0.013746;;,
   7040;4;0.990810,-0.028214,0.130902,-0.019068;;,
   7200;4;0.990460,-0.022657,0.134070,-0.022379;;,
   7360;4;0.990202,-0.017771,0.136384,-0.024141;;,
   7520;4;0.990073,-0.014152,0.137606,-0.024886;;,
   7680;4;0.990099,-0.012393,0.137551,-0.025117;;,
   7840;4;0.990295,-0.013082,0.136013,-0.025396;;,
   8000;4;0.990725,-0.014504,0.132662,-0.025581;;,
   8160;4;0.991305,-0.015205,0.128182,-0.025551;;,
   8320;4;0.991836,-0.016188,0.123816,-0.025881;;,
   8480;4;0.992135,-0.018441,0.120811,-0.027080;;,
   8640;4;0.992013,-0.022935,0.120445,-0.029636;;,
   8800;4;0.991330,-0.035389,0.121843,-0.034156;;,
   8960;4;0.989987,-0.056985,0.122855,-0.039809;;,
   9120;4;0.988019,-0.081851,0.122857,-0.044990;;,
   9280;4;0.985987,-0.104037,0.121103,-0.048370;;,
   9440;4;0.984949,-0.117653,0.116760,-0.048988;;,
   9600;4;0.984925,-0.124628,0.110134,-0.047550;;,
   9760;4;0.985063,-0.130849,0.102355,-0.045320;;,
   9920;4;0.985310,-0.136360,0.093656,-0.042421;;,
   10080;4;0.985620,-0.141151,0.084339,-0.038944;;,
   10240;4;0.985950,-0.145274,0.074650,-0.035022;;,
   10400;4;0.986264,-0.148739,0.064891,-0.030808;;,
   10560;4;0.986546,-0.151567,0.055281,-0.026435;;,
   10720;4;0.986776,-0.153816,0.046113,-0.022102;;,
   10880;4;0.986953,-0.155522,0.037601,-0.017973;;,
   11040;4;0.987086,-0.156705,0.030027,-0.014238;;,
   11200;4;0.987186,-0.157431,0.023596,-0.011108;;,
   11360;4;0.987268,-0.157732,0.018580,-0.008756;;,
   11520;4;0.987353,-0.157635,0.015203,-0.007367;;,
   11680;4;0.987522,-0.156672,0.013828,-0.008000;;,
   11840;4;0.987835,-0.154441,0.014397,-0.011077;;,
   12000;4;0.988267,-0.151002,0.016618,-0.015827;;,
   12160;4;0.988779,-0.146455,0.020164,-0.021476;;,
   12320;4;0.989332,-0.140953,0.024718,-0.027253;;,
   12480;4;0.989901,-0.134715,0.029955,-0.032416;;,
   12640;4;0.990467,-0.128058,0.035519,-0.036252;;,
   12800;4;0.991030,-0.121318,0.041073,-0.038138;;,
   12960;4;0.991588,-0.114941,0.046236,-0.037469;;,
   13120;4;0.992141,-0.109328,0.050655,-0.033719;;,
   13280;4;0.992670,-0.104876,0.053942,-0.026406;;,
   13440;4;0.993137,-0.101432,0.056811,-0.012776;;,
   13600;4;0.993291,-0.098549,0.059964,0.008093;;,
