xof 0303txt 0032
template Frame {
 <3d82ab46-62da-11cf-ab39-0020af71e433>
 [...]
}

template Matrix4x4 {
 <f6f23f45-7686-11cf-8f52-0040333594a3>
 array FLOAT matrix[16];
}

template FrameTransformMatrix {
 <f6f23f41-7686-11cf-8f52-0040333594a3>
 Matrix4x4 frameMatrix;
}

template AnimTicksPerSecond {
 <9e415a43-7ba6-4a73-8743-b73d47e88476>
 DWORD AnimTicksPerSecond;
}

template Animation {
 <3d82ab4f-62da-11cf-ab39-0020af71e433>
 [...]
}

template AnimationSet {
 <3d82ab50-62da-11cf-ab39-0020af71e433>
 [Animation <3d82ab4f-62da-11cf-ab39-0020af71e433>]
}

template FloatKeys {
 <10dd46a9-775b-11cf-8f52-0040333594a3>
 DWORD nValues;
 array FLOAT values[nValues];
}

template TimedFloatKeys {
 <f406b180-7b3b-11cf-8f52-0040333594a3>
 DWORD time;
 FloatKeys tfkeys;
}

template AnimationKey {
 <10dd46a8-775b-11cf-8f52-0040333594a3>
 DWORD keyType;
 DWORD nKeys;
 array TimedFloatKeys keys[nKeys];
}


Frame ValveBiped_Bip01 {
 

 FrameTransformMatrix {
  -0.688737,-0.179737,-0.702379,0.000000,0.050055,0.954684,-0.293383,0.000000,0.723282,-0.237221,-0.648529,0.000000,0.000000,23.273610,0.000000,1.000000;;
 }

 Frame ValveBiped_Bip01_Pelvis {
  

  FrameTransformMatrix {
   -0.220882,0.949704,-0.221977,0.000000,0.140055,0.256126,0.956444,0.000000,0.965192,0.180172,-0.189584,0.000000,0.000000,0.000000,0.000000,1.000000;;
  }

  Frame ValveBiped_Bip01_Spine {
   

   FrameTransformMatrix {
    0.999587,0.023210,0.016938,0.000000,-0.022717,0.999329,-0.028739,0.000000,-0.017593,0.028343,0.999443,0.000000,3.331678,0.896209,0.628588,1.000000;;
   }

   Frame ValveBiped_Bip01_Spine1 {
    

    FrameTransformMatrix {
     0.898495,-0.020223,0.438519,0.000000,0.006542,0.999444,0.032685,0.000000,-0.438937,-0.026498,0.898127,0.000000,3.358986,0.000029,-0.003521,1.000000;;
    }

    Frame ValveBiped_Bip01_Spine2 {
     

     FrameTransformMatrix {
      0.987326,0.023393,0.156971,0.000000,-0.010796,0.996686,-0.080631,0.000000,-0.158337,0.077915,0.984307,0.000000,4.426815,0.000038,-0.004415,1.000000;;
     }

     Frame ValveBiped_Bip01_Spine4 {
      

      FrameTransformMatrix {
       0.999024,0.023783,-0.037210,0.000000,-0.022125,0.998771,0.044352,0.000000,0.038219,-0.043485,0.998323,0.000000,5.585173,0.000176,-0.002014,1.000000;;
      }

      Frame ValveBiped_Bip01_Neck1 {
       

       FrameTransformMatrix {
        0.902420,0.005484,0.430822,0.000000,-0.211747,0.876478,0.432378,0.000000,-0.375235,-0.481412,0.792112,0.000000,2.712719,-0.001125,-1.510656,1.000000;;
       }

       Frame ValveBiped_Bip01_Head1 {
        

        FrameTransformMatrix {
         0.818923,-0.568897,-0.075636,0.000000,0.459054,0.570230,0.681254,0.000000,-0.344434,-0.592616,0.728129,0.000000,2.667383,0.000000,0.000000,1.000000;;
        }
       }

       Frame ValveBiped_Bip01_L_Clavicle {
        

        FrameTransformMatrix {
         -0.219086,0.639485,-0.736927,0.000000,0.891168,-0.176367,-0.417988,0.000000,-0.397267,-0.748300,-0.531249,0.000000,-0.134029,1.557085,-0.034975,1.000000;;
        }

        Frame ValveBiped_Bip01_L_UpperArm {
         

         FrameTransformMatrix {
          0.569593,-0.820730,-0.044335,0.000000,0.741815,0.536555,-0.402268,0.000000,0.353942,0.196241,0.914448,0.000000,4.107862,0.000004,-0.000005,1.000000;;
         }

         Frame ValveBiped_Bip01_L_Forearm {
          

          FrameTransformMatrix {
           -0.414119,-0.000000,-0.910223,0.000000,-0.000000,1.000000,-0.000000,0.000000,0.910223,0.000000,-0.414119,0.000000,10.499828,0.000006,0.000006,1.000000;;
          }

          Frame ValveBiped_Bip01_L_Hand {
           

           FrameTransformMatrix {
            0.725105,-0.206335,0.657000,0.000000,0.069002,-0.927485,-0.367438,0.000000,0.685172,0.311766,-0.658286,0.000000,10.774786,0.000008,0.000000,1.000000;;
           }

           Frame ValveBiped_Bip01_L_Finger0 {
            

            FrameTransformMatrix {
             0.420870,-0.534449,0.732962,0.000000,0.367482,-0.638285,-0.676424,0.000000,0.829353,0.554036,-0.072234,0.000000,0.510504,-0.778588,0.199406,1.000000;;
            }

            Frame ValveBiped_Bip01_L_Finger01 {
             

             FrameTransformMatrix {
              0.954349,0.000001,0.298695,0.000000,-0.000001,1.000000,-0.000000,0.000000,-0.298695,-0.000000,0.954349,0.000000,1.914631,0.000003,0.000000,1.000000;;
             }

             Frame ValveBiped_Bip01_L_Finger02 {
              

              FrameTransformMatrix {
               0.895890,0.000001,0.444275,0.000000,-0.000001,1.000000,-0.000000,0.000000,-0.444275,0.000000,0.895890,0.000000,1.183790,-0.000004,-0.000004,1.000000;;
              }
             }
            }
           }

           Frame ValveBiped_Bip01_L_Finger1 {
            

            FrameTransformMatrix {
             0.806898,-0.101001,0.581992,0.000000,0.094359,0.994660,0.041795,0.000000,-0.583106,0.021191,0.812120,0.000000,3.715990,-0.896518,-0.316265,1.000000;;
            }

            Frame ValveBiped_Bip01_L_Finger11 {
             

             FrameTransformMatrix {
              0.708978,0.000000,0.705231,0.000000,-0.000000,1.000000,-0.000000,0.000000,-0.705231,0.000000,0.708978,0.000000,1.551163,0.000001,0.000004,1.000000;;
             }

             Frame ValveBiped_Bip01_L_Finger12 {
              

              FrameTransformMatrix {
               0.891314,-0.000000,0.453387,0.000000,-0.000000,1.000000,0.000000,0.000000,-0.453387,-0.000000,0.891314,0.000000,1.096724,-0.000001,-0.000002,1.000000;;
              }
             }
            }
           }

           Frame ValveBiped_Bip01_L_Finger2 {
            

            FrameTransformMatrix {
             0.741336,-0.035832,0.670177,0.000000,-0.015380,0.997404,0.070341,0.000000,-0.670958,-0.062454,0.738861,0.000000,3.774000,0.032129,-0.343855,1.000000;;
            }

            Frame ValveBiped_Bip01_L_Finger21 {
             

             FrameTransformMatrix {
              0.748623,-0.000000,0.662996,0.000000,0.000000,1.000000,-0.000001,0.000000,-0.662996,0.000001,0.748623,0.000000,1.693274,0.000004,0.000000,1.000000;;
             }

             Frame ValveBiped_Bip01_L_Finger22 {
              

              FrameTransformMatrix {
               0.967080,-0.000000,0.254472,0.000000,0.000000,1.000000,-0.000001,0.000000,-0.254472,0.000001,0.967080,0.000000,1.096506,0.000001,-0.000004,1.000000;;
              }
             }
            }
           }

           Frame ValveBiped_Bip01_L_Finger3 {
            

            FrameTransformMatrix {
             0.626152,0.126299,0.769404,0.000000,-0.292066,0.952940,0.081261,0.000000,-0.722933,-0.275598,0.633572,0.000000,3.611586,0.812983,-0.245844,1.000000;;
            }

            Frame ValveBiped_Bip01_L_Finger31 {
             

             FrameTransformMatrix {
              0.858607,0.000001,0.512634,0.000000,-0.000000,1.000000,-0.000001,0.000000,-0.512634,0.000001,0.858607,0.000000,1.396444,0.000000,-0.000004,1.000000;;
             }

             Frame ValveBiped_Bip01_L_Finger32 {
              

              FrameTransformMatrix {
               0.910461,0.000001,0.413594,0.000000,-0.000000,1.000000,-0.000001,0.000000,-0.413594,0.000001,0.910461,0.000000,1.039906,0.000000,-0.000004,1.000000;;
              }
             }
            }
           }

           Frame ValveBiped_Bip01_L_Finger4 {
            

            FrameTransformMatrix {
             0.416539,0.201482,0.886510,0.000000,-0.566756,0.819999,0.079932,0.000000,-0.710833,-0.535730,0.455753,0.000000,3.130726,1.483113,0.066671,1.000000;;
            }

            Frame ValveBiped_Bip01_L_Finger41 {
             

             FrameTransformMatrix {
              0.929531,-0.000000,0.368745,0.000000,0.000000,1.000000,-0.000001,0.000000,-0.368745,0.000001,0.929531,0.000000,1.026256,-0.000002,-0.000002,1.000000;;
             }

             Frame ValveBiped_Bip01_L_Finger42 {
              

              FrameTransformMatrix {
               0.920940,-0.000000,0.389703,0.000000,0.000000,1.000000,-0.000001,0.000000,-0.389703,0.000001,0.920941,0.000000,0.800844,-0.000002,-0.000002,1.000000;;
              }
             }
            }
           }

           Frame ValveBiped_Anim_Attachment_LH {
            

            FrameTransformMatrix {
             -0.263854,0.964313,0.021923,0.000000,0.961392,0.264760,-0.075021,0.000000,-0.078148,0.001283,-0.996941,0.000000,2.682129,-0.009733,0.691866,1.000000;;
            }
           }
          }

          Frame ValveBiped_Bip01_L_ForeTwist {
           

           FrameTransformMatrix {
            1.000000,0.000001,0.000000,0.000000,-0.000001,0.796497,0.604643,0.000000,0.000001,-0.604643,0.796497,0.000000,0.000002,0.000002,0.000000,1.000000;;
           }

           Frame ValveBiped_Bip01_L_ForeTwist1 {
            

            FrameTransformMatrix {
             1.000000,0.000001,-0.000000,0.000000,-0.000001,0.796497,0.604643,0.000000,0.000001,-0.604643,0.796497,0.000000,5.387397,0.000010,0.000000,1.000000;;
            }
           }
          }

          Frame ValveBiped_Anim_Attachment_LF {
           

           FrameTransformMatrix {
            -0.001464,-0.002454,0.999996,0.000000,-0.999823,-0.018784,-0.001510,0.000000,0.018788,-0.999821,-0.002426,0.000000,6.644892,2.096668,-2.260195,1.000000;;
           }
          }
         }

         Frame ValveBiped_Bip01_L_Shoulder01 {
          

          FrameTransformMatrix {
           1.000000,0.000001,-0.000000,0.000000,-0.000001,0.987136,0.159880,0.000000,0.000000,-0.159880,0.987137,0.000000,0.000000,0.000000,0.000000,1.000000;;
          }
         }

         Frame ValveBiped_Bip01_L_UpperArm01 {
          

          FrameTransformMatrix {
           1.000000,0.000001,0.000000,0.000000,-0.000001,0.996493,0.083678,0.000000,0.000000,-0.083678,0.996493,0.000000,3.541126,0.000000,0.000004,1.000000;;
          }
         }
        }
       }

       Frame ValveBiped_Bip01_R_Clavicle {
        

        FrameTransformMatrix {
         -0.328895,-0.811237,0.483448,0.000000,-0.841778,0.483886,0.239302,0.000000,-0.428064,-0.328251,-0.842029,0.000000,-0.153055,-0.869482,1.295876,1.000000;;
        }

        Frame ValveBiped_Bip01_R_UpperArm {
         

         FrameTransformMatrix {
          0.995204,0.027047,-0.094002,0.000000,0.039789,0.765975,0.641637,0.000000,0.089358,-0.642301,0.761226,0.000000,4.107860,-0.000011,0.000004,1.000000;;
         }

         Frame ValveBiped_Bip01_R_Forearm {
          

          FrameTransformMatrix {
           -0.252061,-0.000000,-0.967711,0.000000,0.000000,1.000000,0.000000,0.000000,0.967711,-0.000000,-0.252061,0.000000,10.499820,-0.000004,-0.000004,1.000000;;
          }

          Frame ValveBiped_Bip01_R_Hand {
           

           FrameTransformMatrix {
            0.938956,-0.265586,-0.218689,0.000000,-0.048004,0.528298,-0.847701,0.000000,0.340670,0.806452,0.483299,0.000000,10.774795,-0.000006,0.000006,1.000000;;
           }

           Frame ValveBiped_Bip01_R_Finger0 {
            

            FrameTransformMatrix {
             0.846272,0.325914,0.421431,0.000000,-0.129259,-0.641799,0.755900,0.000000,0.516832,-0.694172,-0.501010,0.000000,0.510508,0.778589,0.199398,1.000000;;
            }

            Frame ValveBiped_Bip01_R_Finger01 {
             

             FrameTransformMatrix {
              0.998196,-0.000000,0.060034,0.000000,0.000000,1.000000,-0.000000,0.000000,-0.060034,-0.000000,0.998197,0.000000,1.914629,-0.000004,-0.000001,1.000000;;
             }

             Frame ValveBiped_Bip01_R_Finger02 {
              

              FrameTransformMatrix {
               0.880922,-0.000001,0.473261,0.000000,0.000001,1.000000,0.000000,0.000000,-0.473261,-0.000000,0.880922,0.000000,1.183796,-0.000002,0.000001,1.000000;;
              }
             }
            }
           }

           Frame ValveBiped_Bip01_R_Finger1 {
            

            FrameTransformMatrix {
             0.357109,-0.021212,0.933822,0.000000,0.039859,0.999178,0.007454,0.000000,-0.933212,0.034559,0.357661,0.000000,3.715996,0.896520,-0.316259,1.000000;;
            }

            Frame ValveBiped_Bip01_R_Finger11 {
             

             FrameTransformMatrix {
              0.109074,0.000000,0.994034,0.000000,0.000000,1.000000,-0.000000,0.000000,-0.994034,-0.000000,0.109074,0.000000,1.551167,0.000002,-0.000002,1.000000;;
             }

             Frame ValveBiped_Bip01_R_Finger12 {
              

              FrameTransformMatrix {
               0.675428,-0.000000,0.737426,0.000000,0.000000,1.000000,0.000000,0.000000,-0.737426,-0.000000,0.675428,0.000000,1.096725,0.000002,-0.000004,1.000000;;
              }
             }
            }
           }

           Frame ValveBiped_Bip01_R_Finger2 {
            

            FrameTransformMatrix {
             0.185947,0.036204,0.981892,0.000000,0.052553,0.997524,-0.046733,0.000000,-0.981153,0.060291,0.183584,0.000000,3.774008,-0.032126,-0.343855,1.000000;;
            }

            Frame ValveBiped_Bip01_R_Finger21 {
             

             FrameTransformMatrix {
              0.270859,-0.000000,0.962619,0.000000,0.000000,1.000000,-0.000000,0.000000,-0.962619,-0.000000,0.270859,0.000000,1.693281,-0.000001,0.000002,1.000000;;
             }

             Frame ValveBiped_Bip01_R_Finger22 {
              

              FrameTransformMatrix {
               0.875186,-0.000000,0.483786,0.000000,0.000000,1.000000,0.000000,0.000000,-0.483785,-0.000000,0.875186,0.000000,1.096510,-0.000001,-0.000010,1.000000;;
              }
             }
            }
           }

           Frame ValveBiped_Bip01_R_Finger3 {
            

            FrameTransformMatrix {
             0.026695,0.050989,0.998342,0.000000,0.259632,0.964072,-0.056181,0.000000,-0.965339,0.260701,0.012498,0.000000,3.611590,-0.812976,-0.245846,1.000000;;
            }

            Frame ValveBiped_Bip01_R_Finger31 {
             

             FrameTransformMatrix {
              0.562405,-0.000000,0.826862,0.000000,-0.000000,1.000000,-0.000000,0.000000,-0.826862,-0.000000,0.562405,0.000000,1.396444,0.000001,0.000005,1.000000;;
             }

             Frame ValveBiped_Bip01_R_Finger32 {
              

              FrameTransformMatrix {
               0.708085,-0.000000,0.706127,0.000000,-0.000001,1.000000,0.000001,0.000000,-0.706127,-0.000001,0.708085,0.000000,1.039907,0.000002,-0.000002,1.000000;;
              }
             }
            }
           }

           Frame ValveBiped_Bip01_R_Finger4 {
            

            FrameTransformMatrix {
             -0.001617,0.007447,0.999971,0.000000,0.540244,0.841491,-0.005393,0.000000,-0.841507,0.540220,-0.005383,0.000000,3.130733,-1.483107,0.066669,1.000000;;
            }

            Frame ValveBiped_Bip01_R_Finger41 {
             

             FrameTransformMatrix {
              0.811359,-0.000000,0.584549,0.000000,-0.000001,1.000000,0.000001,0.000000,-0.584549,-0.000001,0.811359,0.000000,1.026257,-0.000002,-0.000003,1.000000;;
             }

             Frame ValveBiped_Bip01_R_Finger42 {
              

              FrameTransformMatrix {
               0.795740,0.000001,0.605639,0.000000,-0.000001,1.000000,0.000000,0.000000,-0.605639,-0.000001,0.795740,0.000000,0.800840,0.000002,-0.000002,1.000000;;
              }
             }
            }
           }

           Frame ValveBiped_Anim_Attachment_RH {
            

            FrameTransformMatrix {
             0.520346,0.814995,-0.254994,0.000000,0.755785,-0.578522,-0.306760,0.000000,-0.397528,-0.033100,-0.916993,0.000000,14.363573,20.240894,-5.034105,1.000000;;
            }
           }
          }

          Frame ValveBiped_Bip01_R_ForeTwist {
           

           FrameTransformMatrix {
            1.000000,-0.000001,-0.000000,0.000000,0.000001,0.982795,0.184698,0.000000,-0.000000,-0.184698,0.982795,0.000000,0.000000,0.000002,0.000000,1.000000;;
           }

           Frame ValveBiped_Bip01_R_ForeTwist1 {
            

            FrameTransformMatrix {
             1.000000,-0.000001,0.000000,0.000000,0.000001,0.982795,0.184698,0.000000,-0.000000,-0.184698,0.982795,0.000000,5.387398,0.000004,0.000006,1.000000;;
            }
           }
          }
         }

         Frame ValveBiped_Bip01_R_Shoulder01 {
          

          FrameTransformMatrix {
           1.000000,-0.000001,0.000000,0.000000,0.000001,0.897165,-0.441696,0.000000,0.000000,0.441696,0.897165,0.000000,0.000002,-0.000002,-0.000008,1.000000;;
          }
         }

         Frame ValveBiped_Bip01_R_UpperArm01 {
          

          FrameTransformMatrix {
           1.000000,-0.000001,-0.000000,0.000000,0.000001,0.971649,-0.236429,0.000000,0.000000,0.236429,0.971649,0.000000,3.558447,-0.000006,-0.000004,1.000000;;
          }
         }
        }
       }
      }
     }
    }

    Frame ValveBiped_Anim_Attachment_CAM {
     

     FrameTransformMatrix {
      -0.268241,-0.796452,-0.541951,0.000000,0.317193,-0.604219,0.730964,0.000000,-0.909635,0.024172,0.414705,0.000000,13.735090,-1.394570,-6.685321,1.000000;;
     }
    }
   }

   Frame ValveBiped_Bip01_L_Thigh {
    

    FrameTransformMatrix {
     -0.529473,0.124899,0.839082,0.000000,-0.798081,-0.408686,-0.442767,0.000000,0.287620,-0.904088,0.316068,0.000000,-3.280651,2.726070,-0.494149,1.000000;;
    }

    Frame ValveBiped_Bip01_L_Calf {
     

     FrameTransformMatrix {
      0.345954,0.000000,-0.938252,0.000000,0.000000,1.000000,0.000000,0.000000,0.938252,0.000000,0.345954,0.000000,18.369816,0.000000,0.000002,1.000000;;
     }

     Frame ValveBiped_Bip01_L_Foot {
      

      FrameTransformMatrix {
       0.896561,0.265027,0.354880,0.000000,-0.286417,0.958071,0.008103,0.000000,-0.337853,-0.108909,0.934877,0.000000,19.744334,-0.000002,0.000000,1.000000;;
      }

      Frame ValveBiped_Bip01_L_Toe0 {
       

       FrameTransformMatrix {
        -0.444654,0.198355,0.873463,0.000000,-0.529816,0.728034,-0.435043,0.000000,-0.722204,-0.656218,-0.218632,0.000000,4.613146,-0.000002,5.301874,1.000000;;
       }
      }
     }
    }
   }

   Frame ValveBiped_Bip01_R_Thigh {
    

    FrameTransformMatrix {
     -0.741962,-0.536357,0.402261,0.000000,0.588290,-0.808621,0.006910,0.000000,0.321571,0.241773,0.915499,0.000000,-3.440815,-4.331586,-0.693356,1.000000;;
    }

    Frame ValveBiped_Bip01_R_Calf {
     

     FrameTransformMatrix {
      -0.061208,0.000000,-0.998125,0.000000,-0.000000,1.000000,0.000000,0.000000,0.998125,-0.000000,-0.061208,0.000000,18.369824,0.000002,0.000001,1.000000;;
     }

     Frame ValveBiped_Bip01_R_Foot {
      

      FrameTransformMatrix {
       0.574716,-0.326545,0.750379,0.000000,0.508384,0.861005,-0.014686,0.000000,-0.641285,0.389921,0.660844,0.000000,19.744339,0.000002,-0.000000,1.000000;;
      }

      Frame ValveBiped_Bip01_R_Toe0 {
       

       FrameTransformMatrix {
        -0.076775,-0.211055,0.974454,0.000000,0.400776,0.888374,0.223987,0.000000,-0.912953,0.407735,0.016380,0.000000,4.613147,-0.000004,5.301878,1.000000;;
       }
      }
     }
    }
   }
  }
 }

 Frame ValveBiped_Anim_Attachment_GRAPPLING {
  

  FrameTransformMatrix {
   0.000000,1.000000,0.000000,0.000000,-0.000001,0.000000,-1.000000,0.000000,-1.000000,0.000000,0.000001,0.000000,35.433075,-42.566672,-0.000050,1.000000;;
  }
 }

 Frame ValveBiped_Anim_Attachment_EyeTarget {
  

  FrameTransformMatrix {
   0.999969,-0.007872,-0.000001,0.000000,0.000001,0.000000,1.000000,0.000000,-0.007872,-0.999969,0.000000,0.000000,86.599008,25.693382,-0.000104,1.000000;;
  }
 }

 Frame ValveBiped_Anim_Attachment_ragdoll {
  

  FrameTransformMatrix {
   0.000000,1.000000,0.000000,0.000000,-0.000001,0.000000,-1.000000,0.000000,-1.000000,0.000000,0.000001,0.000000,35.433075,-42.566672,-0.000050,1.000000;;
  }
 }
}

Frame ValveBiped_Anim_Attachment_CAM_Origin {
 

 FrameTransformMatrix {
  1.000000,0.000000,0.000000,0.000000,0.000000,1.000000,0.000000,0.000000,0.000000,0.000000,1.000000,0.000000,0.000000,0.000000,0.000000,1.000000;;
 }
}

Frame ValveBiped_Anim_Attachment_resurrection {
 

 FrameTransformMatrix {
  0.000000,0.000000,-1.000000,0.000000,1.000000,0.000000,0.000000,0.000000,0.000000,-1.000000,0.000000,0.000000,0.000000,0.000000,0.000000,1.000000;;
 }
}

AnimTicksPerSecond  {
 4800;
}

AnimationSet Anim1 {
 

 Animation {
  
  { ValveBiped_Bip01 }

  AnimationKey S {
   1;
   2;
   0;3;1.000000,1.000000,1.000000;;,
   16000;3;1.000000,1.000000,1.000000;;;
  }

  AnimationKey R {
   0;
   101;
   0;4;-0.392880,-0.035738,0.907187,-0.146223;;,
   160;4;-0.392880,-0.035738,0.907187,-0.146223;;,
   320;4;-0.361596,-0.041632,0.920820,-0.140021;;,
   480;4;-0.304240,-0.051562,0.942608,-0.127554;;,
   640;4;-0.225777,-0.063767,0.965862,-0.109862;;,
   800;4;-0.131972,-0.076521,0.984356,-0.088157;;,
   960;4;-0.029705,-0.088146,0.993602,-0.064059;;,
   1120;4;0.073424,-0.097235,0.991766,-0.039418;;,
   1280;4;0.169732,-0.102770,0.979980,-0.016416;;,
   1440;4;0.251969,-0.104064,0.962119,0.002963;;,
   1600;4;0.321958,-0.097121,0.941540,0.020345;;,
   1760;4;0.385874,-0.081682,0.918180,0.037075;;,
   1920;4;0.444108,-0.063144,0.892299,0.050822;;,
   2080;4;0.497043,-0.047102,0.864425,0.059161;;,
   2240;4;0.545461,-0.038975,0.835078,0.059977;;,
   2400;4;0.585376,-0.039002,0.808070,0.053260;;,
   2560;4;0.616204,-0.042933,0.785319,0.041527;;,
   2720;4;0.643063,-0.049477,0.763760,0.026309;;,
   2880;4;0.670513,-0.057447,0.739616,0.009009;;,
   3040;4;0.702665,-0.065562,0.708437,-0.008958;;,
   3200;4;0.742780,-0.072365,0.665102,-0.026099;;,
   3360;4;0.792610,-0.076419,0.603538,-0.040873;;,
   3520;4;0.846881,-0.077062,0.523852,-0.049319;;,
   3680;4;0.899124,-0.075052,0.428094,-0.051763;;,
   3840;4;0.946107,-0.070663,0.311613,-0.052785;;,
   4000;4;0.981714,-0.064111,0.170004,-0.056793;;,
   4160;4;0.996179,-0.055387,0.000115,-0.067526;;,
   4320;4;0.975283,-0.044542,-0.197844,-0.087729;;,
   4480;4;0.891505,-0.025327,-0.436454,-0.118682;;,
   4640;4;0.710117,0.002429,-0.687195,-0.153266;;,
   4800;4;0.435428,0.028745,-0.881804,-0.178880;;,
   4960;4;0.115295,0.045337,-0.974747,-0.185796;;,
   5120;4;-0.182353,0.049549,-0.966843,-0.171778;;,
   5280;4;-0.420373,0.029663,-0.896107,-0.139278;;,
   5440;4;-0.598576,-0.008406,-0.794297,-0.103577;;,
   5600;4;-0.720415,-0.034053,-0.687331,-0.086131;;,
   5760;4;-0.764748,-0.024586,-0.631685,-0.124621;;,
   5920;4;-0.770622,0.002049,-0.610478,-0.182902;;,
   6080;4;-0.778550,0.028106,-0.586661,-0.221129;;,
   6240;4;-0.798247,0.066193,-0.550496,-0.235319;;,
   6400;4;-0.882251,0.147424,-0.422371,-0.146635;;,
   6560;4;-0.888010,0.141780,-0.414396,-0.140048;;,
   6720;4;-0.891621,0.132331,-0.411039,-0.136190;;,
   6880;4;-0.893461,0.120018,-0.411347,-0.134601;;,
   7040;4;-0.893804,0.105678,-0.414445,-0.134837;;,
   7200;4;-0.892946,0.090323,-0.419387,-0.136398;;,
   7360;4;-0.891252,0.074848,-0.425188,-0.138865;;,
   7520;4;-0.889066,0.060238,-0.431092,-0.141746;;,
   7680;4;-0.886923,0.047305,-0.436124,-0.144657;;,
   7840;4;-0.885325,0.037109,-0.439527,-0.147103;;,
   8000;4;-0.884858,0.030506,-0.440430,-0.148720;;,
   8160;4;-0.885154,0.026989,-0.439614,-0.150048;;,
   8320;4;-0.885539,0.025102,-0.438305,-0.151923;;,
   8480;4;-0.886006,0.024625,-0.436588,-0.154204;;,
   8640;4;-0.886535,0.025354,-0.434552,-0.156773;;,
   8800;4;-0.887132,0.027042,-0.432250,-0.159455;;,
   8960;4;-0.887773,0.029402,-0.429760,-0.162176;;,
   9120;4;-0.888480,0.032216,-0.427084,-0.164819;;,
   9280;4;-0.889222,0.035260,-0.424363,-0.167205;;,
   9440;4;-0.890028,0.038331,-0.421594,-0.169232;;,
   9600;4;-0.890865,0.041106,-0.418928,-0.170789;;,
   9760;4;-0.891797,0.043371,-0.416316,-0.171752;;,
   9920;4;-0.892772,0.044909,-0.413962,-0.171978;;,
   10080;4;-0.893840,0.045474,-0.411849,-0.171354;;,
   10240;4;-0.895944,0.043034,-0.410337,-0.164488;;,
   10400;4;-0.899078,0.037712,-0.409312,-0.150668;;,
   10560;4;-0.901903,0.032473,-0.408376,-0.136912;;,
   10720;4;-0.903413,0.030495,-0.407368,-0.130253;;,
   10880;4;-0.903470,0.032867,-0.405881,-0.133877;;,
   11040;4;-0.902669,0.037811,-0.403911,-0.143581;;,
   11200;4;-0.901354,0.043719,-0.401875,-0.155393;;,
   11360;4;-0.899996,0.048978,-0.400335,-0.165350;;,
   11520;4;-0.899265,0.052086,-0.399841,-0.169518;;,
   11680;4;-0.899832,0.051458,-0.400955,-0.163978;;,
   11840;4;-0.902638,0.042428,-0.406160,-0.135938;;,
   12000;4;-0.905577,0.026110,-0.414110,-0.088095;;,
   12160;4;-0.906231,0.009464,-0.420776,-0.040039;;,
   12320;4;-0.905766,-0.000377,-0.423615,-0.011738;;,
   12480;4;-0.905776,-0.003250,-0.423716,-0.004936;;,
   12640;4;-0.905994,-0.003982,-0.423226,-0.006236;;,
   12800;4;-0.906452,-0.003051,-0.422106,-0.012771;;,
   12960;4;-0.907128,-0.001053,-0.420289,-0.021779;;,
   13120;4;-0.908020,0.001583,-0.417820,-0.030398;;,
   13280;4;-0.909289,0.004318,-0.414597,-0.035830;;,
   13440;4;-0.911043,0.006612,-0.410747,-0.035272;;,
   13600;4;-0.913414,0.008944,-0.405934,-0.028496;;,
   13760;4;-0.916223,0.011874,-0.400089,-0.017994;;,
   13920;4;-0.919189,0.015256,-0.393490,-0.004961;;,
   14080;4;-0.922139,0.018714,-0.386293,0.009380;;,
   14240;4;-0.924877,0.022005,-0.378880,0.023855;;,
   14400;4;-0.927333,0.024863,-0.371551,0.037232;;,
   14560;4;-0.929517,0.027058,-0.364592,0.048352;;,
   14720;4;-0.931463,0.028268,-0.358394,0.055969;;,
   14880;4;-0.933363,0.027720,-0.353103,0.058178;;,
   15040;4;-0.935298,0.025353,-0.348608,0.055212;;,
   15200;4;-0.937128,0.021914,-0.344815,0.049129;;,
   15360;4;-0.938710,0.018294,-0.341634,0.042128;;,
   15520;4;-0.939989,0.015212,-0.338939,0.036186;;,
   15680;4;-0.941006,0.012580,-0.336728,0.031060;;,
   15840;4;-0.941864,0.009750,-0.334901,0.025285;;,
   16000;4;-0.942585,0.006898,-0.333343,0.019212;;;
  }

  AnimationKey T {
   2;
   101;
   0;3;0.000000,23.273610,0.000000;;,
   160;3;0.000000,23.273610,0.000000;;,
   320;3;0.000000,23.234547,0.000000;;,
   480;3;0.000000,23.215016,0.000000;;,
   640;3;0.000000,23.215016,0.000000;;,
   800;3;0.000000,23.218922,0.000000;;,
   960;3;0.000000,23.226734,0.000000;;,
   1120;3;0.000000,23.226734,0.000000;;,
   1280;3;0.000000,23.215016,0.000000;;,
   1440;3;0.000000,23.187670,0.000000;;,
   1600;3;0.000000,22.992352,0.000000;;,
   1760;3;0.000000,22.632965,0.000000;;,
   1920;3;0.000000,22.324363,0.000000;;,
   2080;3;0.000000,22.289205,0.000000;;,
   2240;3;0.000000,22.746250,0.000000;;,
   2400;3;0.000000,23.593933,0.000000;;,
   2560;3;0.000000,24.605682,0.000000;;,
   2720;3;0.000000,25.789312,0.000000;;,
   2880;3;0.000000,27.152634,0.000000;;,
   3040;3;0.000000,28.711277,0.000000;;,
   3200;3;0.000000,30.473050,0.000000;;,
   3360;3;0.000000,32.449674,0.000000;;,
   3520;3;0.000000,35.430230,0.000000;;,
   3680;3;0.000000,39.410819,0.000000;;,
   3840;3;0.000000,43.223437,0.000000;;,
   4000;3;0.000000,45.676637,0.000000;;,
   4160;3;0.000000,46.614166,0.000000;;,
   4320;3;0.000000,46.789955,0.000000;;,
   4480;3;0.000000,46.422752,0.000000;;,
   4640;3;0.000000,45.723514,0.000000;;,
   4800;3;0.000000,44.907082,0.000000;;,
   4960;3;0.000000,43.977366,0.000000;;,
   5120;3;0.000000,42.785923,0.000000;;,
   5280;3;0.000000,41.332755,0.000000;;,
   5440;3;0.000000,39.617859,0.000000;;,
   5600;3;0.000000,37.641235,0.000000;;,
   5760;3;0.000000,34.371606,0.000000;;,
   5920;3;0.000000,30.144912,0.000000;;,
   6080;3;0.000000,26.117446,0.000000;;,
   6240;3;0.000000,21.570435,0.000000;;,
   6400;3;0.000000,14.953043,0.000000;;,
   6560;3;0.000000,13.476437,0.000000;;,
   6720;3;0.000000,13.378777,0.000000;;,
   6880;3;0.000000,13.531126,0.000000;;,
   7040;3;0.000000,13.874885,0.000000;;,
   7200;3;0.000000,14.320211,0.000000;;,
   7360;3;0.000000,14.773352,0.000000;;,
   7520;3;0.000000,15.140549,0.000000;;,
   7680;3;0.000000,15.292898,0.000000;;,
   7840;3;0.000000,15.425714,0.000000;;,
   8000;3;0.000000,15.542906,0.000000;;,
   8160;3;0.000000,15.660098,0.000000;;,
   8320;3;0.000000,15.777288,0.000000;;,
   8480;3;0.000000,15.902293,0.000000;;,
   8640;3;0.000000,16.042922,0.000000;;,
   8800;3;0.000000,16.265582,0.000000;;,
   8960;3;0.000000,16.476528,0.000000;;,
   9120;3;0.000000,16.781226,0.000000;;,
   9280;3;0.000000,17.281240,0.000000;;,
   9440;3;0.000000,18.257832,0.000000;;,
   9600;3;0.000000,19.523496,0.000000;;,
   9760;3;0.000000,20.453211,0.000000;;,
   9920;3;0.000000,20.781347,0.000000;;,
   10080;3;0.000000,20.800878,0.000000;;,
   10240;3;0.000000,20.738376,0.000000;;,
   10400;3;0.000000,20.816504,0.000000;;,
   10560;3;0.000000,21.261829,0.000000;;,
   10720;3;0.000000,22.297018,0.000000;;,
   10880;3;0.000000,24.054883,0.000000;;,
   11040;3;0.000000,26.379173,0.000000;;,
   11200;3;0.000000,29.074570,0.000000;;,
   11360;3;0.000000,31.930125,0.000000;;,
   11520;3;0.000000,34.746618,0.000000;;,
   11680;3;0.000000,37.317008,0.000000;;,
   11840;3;0.000000,39.637389,0.000000;;,
   12000;3;0.000000,41.356192,0.000000;;,
   12160;3;0.000000,42.008557,0.000000;;,
   12320;3;0.000000,42.035901,0.000000;;,
   12480;3;0.000000,41.953869,0.000000;;,
   12640;3;0.000000,41.692144,0.000000;;,
   12800;3;0.000000,41.039776,0.000000;;,
   12960;3;0.000000,39.844429,0.000000;;,
   13120;3;0.000000,38.317040,0.000000;;,
   13280;3;0.000000,36.801370,0.000000;;,
   13440;3;0.000000,35.621642,0.000000;;,
   13600;3;0.000000,34.820838,0.000000;;,
   13760;3;0.000000,34.238787,0.000000;;,
   13920;3;0.000000,33.914560,0.000000;;,
   14080;3;0.000000,33.883309,0.000000;;,
   14240;3;0.000000,34.063005,0.000000;;,
   14400;3;0.000000,34.320822,0.000000;;,
   14560;3;0.000000,34.645050,0.000000;;,
   14720;3;0.000000,35.016157,0.000000;;,
   14880;3;0.000000,35.418512,0.000000;;,
   15040;3;0.000000,35.836496,0.000000;;,
   15200;3;0.000000,36.250570,0.000000;;,
   15360;3;0.000000,36.652925,0.000000;;,
   15520;3;0.000000,37.016218,0.000000;;,
   15680;3;0.000000,37.332634,0.000000;;,
   15840;3;0.000000,37.578736,0.000000;;,
   16000;3;0.000000,37.746707,0.000000;;;
  }
 }

 Animation {
  
  { ValveBiped_Bip01_Pelvis }

  AnimationKey S {
   1;
   2;
   0;3;1.000000,1.000000,1.000000;;,
   16000;3;1.000000,1.000000,1.000000;;;
  }

  AnimationKey R {
   0;
   101;
   0;4;-0.459799,0.422071,0.645483,0.440219;;,
   160;4;-0.459799,0.422071,0.645483,0.440219;;,
   320;4;-0.461751,0.423076,0.639156,0.446399;;,
   480;4;-0.462979,0.426820,0.626800,0.458908;;,
   640;4;-0.463354,0.432771,0.609829,0.475522;;,
   800;4;-0.462709,0.440542,0.589822,0.493896;;,
   960;4;-0.461152,0.449669,0.568340,0.511983;;,
   1120;4;-0.458758,0.459947,0.547273,0.527714;;,
   1280;4;-0.455824,0.471212,0.528579,0.539248;;,
   1440;4;-0.452725,0.483374,0.514328,0.544845;;,
   1600;4;-0.447848,0.501532,0.505318,0.540881;;,
   1760;4;-0.440585,0.526720,0.500219,0.527476;;,
   1920;4;-0.432598,0.553238,0.498374,0.508340;;,
   2080;4;-0.426016,0.575608,0.499285,0.487750;;,
   2240;4;-0.423189,0.588906,0.502933,0.470276;;,
   2400;4;-0.425105,0.594074,0.509552,0.454663;;,
   2560;4;-0.430182,0.595477,0.518651,0.437439;;,
   2720;4;-0.436848,0.593767,0.529471,0.419839;;,
   2880;4;-0.443721,0.589560,0.541198,0.403281;;,
   3040;4;-0.449319,0.583683,0.553214,0.389077;;,
   3200;4;-0.452414,0.576899,0.564833,0.378779;;,
   3360;4;-0.451612,0.570173,0.575539,0.373770;;,
   3520;4;-0.443631,0.559363,0.585200,0.384507;;,
   3680;4;-0.428082,0.543287,0.594209,0.410488;;,
   3840;4;-0.408503,0.527573,0.603086,0.437127;;,
   4000;4;-0.389162,0.518884,0.613490,0.450492;;,
   4160;4;-0.366135,0.526585,0.631215,0.436143;;,
   4320;4;-0.341190,0.542993,0.650765,0.406514;;,
   4480;4;-0.329126,0.551490,0.659665,0.390354;;,
   4640;4;-0.356053,0.536009,0.639817,0.420184;;,
   4800;4;-0.387163,0.516970,0.614356,0.453227;;,
   4960;4;-0.393628,0.511877,0.611022,0.457921;;,
   5120;4;-0.395471,0.508008,0.613950,0.456722;;,
   5280;4;-0.395229,0.506764,0.617608,0.453370;;,
   5440;4;-0.395385,0.509597,0.616503,0.451558;;,
   5600;4;-0.398346,0.517914,0.605102,0.454904;;,
   5760;4;-0.410145,0.558431,0.539447,0.478469;;,
   5920;4;-0.418323,0.590711,0.478267,0.497320;;,
   6080;4;-0.408622,0.568293,0.520610,0.488914;;,
   6240;4;-0.406673,0.520897,0.589010,0.465135;;,
   6400;4;-0.452095,0.454387,0.642454,0.419995;;,
   6560;4;-0.489807,0.398495,0.671426,0.387916;;,
   6720;4;-0.493744,0.379346,0.674357,0.396935;;,
   6880;4;-0.492413,0.365770,0.671864,0.415139;;,
   7040;4;-0.487395,0.356773,0.665745,0.438113;;,
   7200;4;-0.480442,0.351324,0.657828,0.461529;;,
   7360;4;-0.473443,0.348540,0.650233,0.481216;;,
   7520;4;-0.468487,0.347609,0.645306,0.493222;;,
   7680;4;-0.466514,0.351701,0.643013,0.495183;;,
   7840;4;-0.466002,0.362153,0.641686,0.489823;;,
   8000;4;-0.465265,0.375588,0.641421,0.480668;;,
   8160;4;-0.462805,0.388614,0.642320,0.471399;;,
   8320;4;-0.457136,0.398009,0.644722,0.465778;;,
   8480;4;-0.445189,0.403858,0.651693,0.462603;;,
   8640;4;-0.427873,0.408205,0.662829,0.459295;;,
   8800;4;-0.409788,0.410953,0.673614,0.457642;;,
   8960;4;-0.395792,0.412179,0.679809,0.459693;;,
   9120;4;-0.390799,0.412102,0.677387,0.467542;;,
   9280;4;-0.396302,0.410188,0.664465,0.482884;;,
   9440;4;-0.408474,0.406113,0.643690,0.503870;;,
   9600;4;-0.424059,0.400488,0.617935,0.527200;;,
   9760;4;-0.440066,0.394137,0.590435,0.549895;;,
   9920;4;-0.453753,0.388278,0.565023,0.569296;;,
   10080;4;-0.462883,0.384226,0.545732,0.583340;;,
   10240;4;-0.464667,0.384443,0.537142,0.589717;;,
   10400;4;-0.461376,0.388150,0.537176,0.589842;;,
   10560;4;-0.457956,0.392277,0.540324,0.586895;;,
   10720;4;-0.459432,0.393684,0.541024,0.584148;;,
   10880;4;-0.468162,0.390011,0.537617,0.582823;;,
   11040;4;-0.481113,0.382784,0.532782,0.581507;;,
   11200;4;-0.495353,0.374695,0.527527,0.579607;;,
   11360;4;-0.508055,0.368514,0.522955,0.576711;;,
   11520;4;-0.516474,0.367130,0.520352,0.572454;;,
   11680;4;-0.517913,0.373373,0.520918,0.566571;;,
   11840;4;-0.509342,0.390577,0.525713,0.558253;;,
   12000;4;-0.492035,0.416794,0.533561,0.547263;;,
   12160;4;-0.469685,0.447081,0.542462,0.534088;;,
   12320;4;-0.446253,0.476914,0.550932,0.519506;;,
   12480;4;-0.426375,0.501984,0.557820,0.505027;;,
   12640;4;-0.414814,0.518625,0.562610,0.492370;;,
   12800;4;-0.414844,0.524024,0.566781,0.481728;;,
   12960;4;-0.423670,0.520890,0.571168,0.472170;;,
   13120;4;-0.437294,0.513577,0.574119,0.464111;;,
   13280;4;-0.451583,0.506698,0.574212,0.457832;;,
   13440;4;-0.462596,0.504954,0.570163,0.453808;;,
   13600;4;-0.470839,0.507720,0.562837,0.451381;;,
   13760;4;-0.479239,0.511176,0.554149,0.449386;;,
   13920;4;-0.487704,0.515156,0.544303,0.447766;;,
   14080;4;-0.496066,0.519558,0.533584,0.446393;;,
   14240;4;-0.504315,0.524155,0.522148,0.445296;;,
   14400;4;-0.512276,0.528883,0.510318,0.444333;;,
   14560;4;-0.519907,0.533569,0.498315,0.443490;;,
   14720;4;-0.527093,0.538125,0.486432,0.442696;;,
   14880;4;-0.533838,0.542378,0.474876,0.441970;;,
   15040;4;-0.539975,0.546314,0.464033,0.441183;;,
   15200;4;-0.545519,0.549781,0.454115,0.440374;;,
   15360;4;-0.550419,0.552690,0.445417,0.439518;;,
   15520;4;-0.554630,0.554947,0.438247,0.438589;;,
   15680;4;-0.557651,0.556455,0.433260,0.437800;;,
   15840;4;-0.559248,0.557248,0.430601,0.437379;;,
   16000;4;-0.559732,0.557464,0.429805,0.437266;;;
  }

  AnimationKey T {
   2;
   2;
   0;3;0.000000,0.000000,0.000000;;,
   16000;3;0.000000,0.000000,0.000000;;;
  }
 }

 Animation {
  
  { ValveBiped_Bip01_Spine }

  AnimationKey S {
   1;
   2;
   0;3;1.000000,1.000000,1.000000;;,
   16000;3;1.000000,1.000000,1.000000;;;
  }

  AnimationKey R {
   0;
   101;
   0;4;0.999795,0.014273,0.008634,-0.011484;;,
   160;4;0.999795,0.014273,0.008634,-0.011484;;,
   320;4;0.999685,0.017969,0.012192,-0.012591;;,
   480;4;0.999110,0.030584,0.026257,-0.012458;;,
   640;4;0.997595,0.050148,0.046640,-0.010710;;,
   800;4;0.994790,0.074544,0.069164,-0.007206;;,
   960;4;0.990788,0.101268,0.089881,-0.002228;;,
   1120;4;0.986233,0.127318,0.105456,0.003685;;,
   1280;4;0.982247,0.149303,0.113140,0.009915;;,
   1440;4;0.980151,0.163622,0.110788,0.016062;;,
   1600;4;0.982175,0.164083,0.087955,0.025937;;,
   1760;4;0.986473,0.151772,0.045347,0.042202;;,
   1920;4;0.988928,0.134685,-0.002662,0.062237;;,
   2080;4;0.988422,0.121247,-0.042564,0.080686;;,
   2240;4;0.986787,0.119910,-0.062168,0.089493;;,
   2400;4;0.985543,0.131510,-0.063020,0.086247;;,
   2560;4;0.984278,0.149516,-0.055527,0.075890;;,
   2720;4;0.982564,0.170888,-0.041350,0.060467;;,
   2880;4;0.980083,0.192739,-0.022240,0.042372;;,
   3040;4;0.976839,0.212600,-0.000234,0.024245;;,
   3200;4;0.973248,0.228495,0.022332,0.008897;;,
   3360;4;0.970104,0.238856,0.042950,-0.000911;;,
   3520;4;0.969316,0.236927,0.065513,0.000536;;,
   3680;4;0.970071,0.224362,0.092155,0.011442;;,
   3840;4;0.969785,0.212410,0.117715,0.023283;;,
   4000;4;0.967019,0.212899,0.136914,0.028349;;,
   4160;4;0.958742,0.243846,0.144596,0.021108;;,
   4320;4;0.946281,0.289892,0.143053,0.007216;;,
   4480;4;0.939101,0.314056,0.139438,-0.003796;;,
   4640;4;0.951863,0.272618,0.139972,-0.006694;;,
   4800;4;0.966736,0.219322,0.131508,-0.005043;;,
   4960;4;0.973270,0.202795,0.107683,-0.004840;;,
   5120;4;0.977927,0.193421,0.078809,-0.006036;;,
   5280;4;0.981172,0.186926,0.048242,-0.005698;;,
   5440;4;0.983733,0.178575,0.019466,-0.001354;;,
   5600;4;0.986508,0.163421,-0.003953,0.008991;;,
   5760;4;0.990003,0.124893,-0.028314,0.059118;;,
   5920;4;0.991010,0.087416,-0.001632,0.101266;;,
   6080;4;0.982011,0.067377,0.167691,0.054722;;,
   6240;4;0.950078,0.039790,0.307813,-0.031944;;,
   6400;4;0.949672,0.015475,0.285552,-0.127845;;,
   6560;4;0.956806,0.016433,0.218261,-0.191347;;,
   6720;4;0.963433,0.025547,0.183183,-0.193876;;,
   6880;4;0.963525,0.016641,0.186867,-0.190850;;,
   7040;4;0.962569,0.004244,0.200957,-0.181825;;,
   7200;4;0.960570,-0.008449,0.219782,-0.170090;;,
   7360;4;0.958030,-0.018449,0.237654,-0.159246;;,
   7520;4;0.956047,-0.023238,0.248922,-0.153208;;,
   7680;4;0.955279,-0.021429,0.252102,-0.153059;;,
   7840;4;0.955365,-0.014309,0.250580,-0.155827;;,
   8000;4;0.956093,-0.003686,0.245919,-0.159362;;,
   8160;4;0.957280,0.008812,0.239781,-0.161375;;,
   8320;4;0.958821,0.021673,0.234030,-0.159444;;,
   8480;4;0.960964,0.039236,0.227693,-0.152198;;,
   8640;4;0.963345,0.062406,0.219786,-0.140594;;,
   8800;4;0.965427,0.084366,0.211970,-0.126107;;,
   8960;4;0.967305,0.098575,0.205536,-0.111176;;,
   9120;4;0.969449,0.098869,0.201531,-0.098888;;,
   9280;4;0.971796,0.082420,0.201931,-0.089683;;,
   9440;4;0.973597,0.054162,0.206302,-0.081338;;,
   9600;4;0.974342,0.019643,0.212003,-0.072984;;,
   9760;4;0.974079,-0.015737,0.216294,-0.064338;;,
   9920;4;0.973621,-0.046801,0.216197,-0.055948;;,
   10080;4;0.974351,-0.068615,0.208643,-0.048985;;,
   10240;4;0.979074,-0.075032,0.183843,-0.044570;;,
   10400;4;0.986279,-0.069499,0.143547,-0.042637;;,
   10560;4;0.991946,-0.061297,0.102209,-0.042893;;,
   10720;4;0.994326,-0.059776,0.074662,-0.046578;;,
   10880;4;0.994083,-0.068646,0.062093,-0.056836;;,
   11040;4;0.992397,-0.082798,0.054919,-0.072634;;,
   11200;4;0.989709,-0.098631,0.051848,-0.089776;;,
   11360;4;0.986830,-0.112526,0.051475,-0.104186;;,
   11520;4;0.984956,-0.120740,0.052359,-0.111996;;,
   11680;4;0.985362,-0.119342,0.053126,-0.109533;;,
   11840;4;0.988954,-0.104360,0.057603,-0.088099;;,
   12000;4;0.993391,-0.077380,0.068105,-0.050488;;,
   12160;4;0.995770,-0.043337,0.080370,-0.010236;;,
   12320;4;0.995838,-0.008201,0.088547,0.019980;;,
   12480;4;0.995202,0.021659,0.088940,0.034540;;,
   12640;4;0.994984,0.040519,0.083940,0.036326;;,
   12800;4;0.995678,0.046171,0.076500,0.025308;;,
   12960;4;0.996631,0.042591,0.069790,0.006521;;,
   13120;4;0.997406,0.031625,0.062689,-0.015847;;,
   13280;4;0.997652,0.018260,0.054399,-0.037381;;,
   13440;4;0.997552,0.011102,0.048198,-0.049442;;,
   13600;4;0.997536,0.010367,0.044356,-0.053359;;,
   13760;4;0.997535,0.010330,0.040843,-0.056126;;,
   13920;4;0.997569,0.010753,0.037457,-0.057772;;,
