xof 0303txt 0032
template ColorRGBA {
 <35ff44e0-6c7c-11cf-8f52-0040333594a3>
 FLOAT red;
 FLOAT green;
 FLOAT blue;
 FLOAT alpha;
}

template ColorRGB {
 <d3e16e81-7835-11cf-8f52-0040333594a3>
 FLOAT red;
 FLOAT green;
 FLOAT blue;
}

template Material {
 <3d82ab4d-62da-11cf-ab39-0020af71e433>
 ColorRGBA faceColor;
 FLOAT power;
 ColorRGB specularColor;
 ColorRGB emissiveColor;
 [...]
}

template TextureFilename {
 <a42790e1-7810-11cf-8f52-0040333594a3>
 STRING filename;
}

template Frame {
 <3d82ab46-62da-11cf-ab39-0020af71e433>
 [...]
}

template Matrix4x4 {
 <f6f23f45-7686-11cf-8f52-0040333594a3>
 array FLOAT matrix[16];
}

template FrameTransformMatrix {
 <f6f23f41-7686-11cf-8f52-0040333594a3>
 Matrix4x4 frameMatrix;
}

template Vector {
 <3d82ab5e-62da-11cf-ab39-0020af71e433>
 FLOAT x;
 FLOAT y;
 FLOAT z;
}

template MeshFace {
 <3d82ab5f-62da-11cf-ab39-0020af71e433>
 DWORD nFaceVertexIndices;
 array DWORD faceVertexIndices[nFaceVertexIndices];
}

template Mesh {
 <3d82ab44-62da-11cf-ab39-0020af71e433>
 DWORD nVertices;
 array Vector vertices[nVertices];
 DWORD nFaces;
 array MeshFace faces[nFaces];
 [...]
}

template MeshMaterialList {
 <f6f23f42-7686-11cf-8f52-0040333594a3>
 DWORD nMaterials;
 DWORD nFaceIndexes;
 array DWORD faceIndexes[nFaceIndexes];
 [Material <3d82ab4d-62da-11cf-ab39-0020af71e433>]
}

template VertexElement {
 <f752461c-1e23-48f6-b9f8-8350850f336f>
 DWORD Type;
 DWORD Method;
 DWORD Usage;
 DWORD UsageIndex;
}

template DeclData {
 <bf22e553-292c-4781-9fea-62bd554bdd93>
 DWORD nElements;
 array VertexElement Elements[nElements];
 DWORD nDWords;
 array DWORD data[nDWords];
}

template XSkinMeshHeader {
 <3cf169ce-ff7c-44ab-93c0-f78f62d172e2>
 WORD nMaxSkinWeightsPerVertex;
 WORD nMaxSkinWeightsPerFace;
 WORD nBones;
}

template SkinWeights {
 <6f0d123b-bad2-4167-a0d0-80224f25fabb>
 STRING transformNodeName;
 DWORD nWeights;
 array DWORD vertexIndices[nWeights];
 array FLOAT weights[nWeights];
 Matrix4x4 matrixOffset;
}

template AnimTicksPerSecond {
 <9e415a43-7ba6-4a73-8743-b73d47e88476>
 DWORD AnimTicksPerSecond;
}

template Animation {
 <3d82ab4f-62da-11cf-ab39-0020af71e433>
 [...]
}

template AnimationSet {
 <3d82ab50-62da-11cf-ab39-0020af71e433>
 [Animation <3d82ab4f-62da-11cf-ab39-0020af71e433>]
}

template FloatKeys {
 <10dd46a9-775b-11cf-8f52-0040333594a3>
 DWORD nValues;
 array FLOAT values[nValues];
}

template TimedFloatKeys {
 <f406b180-7b3b-11cf-8f52-0040333594a3>
 DWORD time;
 FloatKeys tfkeys;
}

template AnimationKey {
 <10dd46a8-775b-11cf-8f52-0040333594a3>
 DWORD keyType;
 DWORD nKeys;
 array TimedFloatKeys keys[nKeys];
}


Material Material__50 {
 1.000000;1.000000;1.000000;1.000000;;
 10.000000;
 0.000000;0.000000;0.000000;;
 0.000000;0.000000;0.000000;;

 TextureFilename {
  "fiona_skin_body01.bmp";
 }
}

Material Material__48 {
 1.000000;1.000000;1.000000;1.000000;;
 10.000000;
 0.000000;0.000000;0.000000;;
 0.000000;0.000000;0.000000;;

 TextureFilename {
  "pc_female_wingplate_foot.bmp";
 }
}

Material Material__49 {
 1.000000;1.000000;1.000000;1.000000;;
 10.000000;
 0.000000;0.000000;0.000000;;
 0.000000;0.000000;0.000000;;

 TextureFilename {
  "pc_female_wingplate_upper_body03.bmp";
 }
}

Frame ValveBiped_Bip01 {
 

 FrameTransformMatrix {
  0.000001,0.000000,-1.000000,0.000000,0.000000,1.000000,0.000000,0.000000,1.000000,0.000000,0.000001,0.000000,0.000000,42.566672,0.000000,1.000000;;
 }

 Frame ValveBiped_Bip01_Pelvis {
  

  FrameTransformMatrix {
   0.000000,1.000000,-0.000000,0.000000,-0.000000,0.000000,1.000000,0.000000,1.000000,-0.000000,0.000000,0.000000,0.000000,0.000000,0.000000,1.000000;;
  }

  Frame ValveBiped_Bip01_Spine {
   

   FrameTransformMatrix {
    0.990333,-0.054648,0.127489,0.000000,0.065683,0.994297,-0.084020,0.000000,-0.122170,0.091582,0.988275,0.000000,3.505173,0.000005,-0.002660,1.000000;;
   }

   Frame ValveBiped_Bip01_Spine1 {
    

    FrameTransformMatrix {
     1.000000,0.000000,-0.000018,0.000000,0.000000,1.000000,0.000000,0.000000,0.000018,0.000000,1.000000,0.000000,3.358917,0.000000,-0.003517,1.000000;;
    }

    Frame ValveBiped_Bip01_Spine2 {
     

     FrameTransformMatrix {
      1.000000,0.000000,-0.000003,0.000000,0.000000,1.000000,0.000000,0.000000,0.000003,-0.000000,1.000000,0.000000,4.426903,0.000000,-0.004426,1.000000;;
     }

     Frame ValveBiped_Bip01_Spine4 {
      

      FrameTransformMatrix {
       1.000000,0.000000,0.000000,0.000000,0.000000,1.000000,-0.000000,0.000000,-0.000000,0.000000,1.000000,0.000000,5.584923,-0.000000,-0.002043,1.000000;;
      }

      Frame ValveBiped_Bip01_Neck1 {
       

       FrameTransformMatrix {
        0.868287,0.161536,0.469025,0.000000,-0.125715,0.986284,-0.106953,0.000000,-0.479869,0.033902,0.876685,0.000000,2.712334,0.000000,-1.511100,1.000000;;
       }

       Frame ValveBiped_Bip01_Head1 {
        

        FrameTransformMatrix {
         0.884506,0.060377,-0.462605,0.000000,-0.338084,0.766245,-0.546414,0.000000,0.321477,0.639706,0.698161,0.000000,2.667374,0.000000,-0.000004,1.000000;;
        }
       }

       Frame ValveBiped_Bip01_L_Clavicle {
        

        FrameTransformMatrix {
         -0.152139,0.987943,0.028682,0.000000,0.858698,0.146493,-0.491098,0.000000,-0.489378,-0.050086,-0.870632,0.000000,0.113659,1.361171,0.772289,1.000000;;
        }

        Frame ValveBiped_Bip01_L_UpperArm {
         

         FrameTransformMatrix {
          0.614484,-0.788178,-0.034422,0.000000,0.737129,0.589140,-0.330990,0.000000,0.281158,0.178014,0.943007,0.000000,4.107860,0.000000,0.000000,1.000000;;
         }

         Frame ValveBiped_Bip01_L_Forearm {
          

          FrameTransformMatrix {
           0.140295,0.000000,-0.990110,0.000000,-0.000000,1.000000,0.000000,0.000000,0.990110,0.000000,0.140295,0.000000,10.499825,0.000006,-0.000001,1.000000;;
          }

          Frame ValveBiped_Bip01_L_Hand {
           

           FrameTransformMatrix {
            0.988301,-0.126765,-0.084810,0.000000,0.088062,0.020266,0.995909,0.000000,-0.124528,-0.991726,0.031192,0.000000,10.774790,0.000006,-0.000008,1.000000;;
           }

           Frame ValveBiped_Bip01_L_Finger0 {
            

            FrameTransformMatrix {
             0.810881,-0.209441,0.546449,0.000000,0.541283,-0.086523,-0.836377,0.000000,0.222452,0.973986,0.043206,0.000000,0.510505,-0.778580,0.199406,1.000000;;
            }

            Frame ValveBiped_Bip01_L_Finger01 {
             

             FrameTransformMatrix {
              0.723221,-0.000000,0.690616,0.000000,0.000000,1.000000,-0.000000,0.000000,-0.690616,-0.000000,0.723221,0.000000,1.914633,0.000010,0.000000,1.000000;;
             }

             Frame ValveBiped_Bip01_L_Finger02 {
              

              FrameTransformMatrix {
               0.303381,0.000000,0.952870,0.000000,0.000000,1.000000,0.000000,0.000000,-0.952870,0.000000,0.303381,0.000000,1.183796,-0.000008,-0.000002,1.000000;;
              }
             }
            }
           }

           Frame ValveBiped_Bip01_L_Finger1 {
            

            FrameTransformMatrix {
             0.133773,0.113990,0.984435,0.000000,0.138768,0.981422,-0.132498,0.000000,-0.981248,0.154333,0.115470,0.000000,3.715993,-0.896519,-0.316259,1.000000;;
            }

            Frame ValveBiped_Bip01_L_Finger11 {
             

             FrameTransformMatrix {
              -0.286516,0.000000,0.958075,0.000000,-0.000000,1.000000,-0.000000,0.000000,-0.958075,-0.000000,-0.286516,0.000000,1.551163,0.000000,-0.000000,1.000000;;
             }

             Frame ValveBiped_Bip01_L_Finger12 {
              

              FrameTransformMatrix {
               -0.011000,-0.000000,0.999940,0.000000,0.000000,1.000000,0.000000,0.000000,-0.999940,0.000000,-0.011000,0.000000,1.096723,-0.000004,0.000002,1.000000;;
              }
             }
            }
           }

           Frame ValveBiped_Bip01_L_Finger2 {
            

            FrameTransformMatrix {
             0.107378,0.017526,0.994064,0.000000,-0.063387,0.997931,-0.010747,0.000000,-0.992195,-0.061857,0.108267,0.000000,3.774004,0.032131,-0.343853,1.000000;;
            }

            Frame ValveBiped_Bip01_L_Finger21 {
             

             FrameTransformMatrix {
              -0.179454,0.000000,0.983767,0.000000,0.000000,1.000000,0.000000,0.000000,-0.983766,0.000000,-0.179454,0.000000,1.693279,-0.000004,0.000001,1.000000;;
             }

             Frame ValveBiped_Bip01_L_Finger22 {
              

              FrameTransformMatrix {
               0.295536,0.000000,0.955332,0.000000,0.000000,1.000000,-0.000000,0.000000,-0.955332,0.000000,0.295536,0.000000,1.096510,0.000000,0.000004,1.000000;;
              }
             }
            }
           }

           Frame ValveBiped_Bip01_L_Finger3 {
            

            FrameTransformMatrix {
             0.161343,-0.017841,0.986737,0.000000,-0.261618,0.963293,0.060195,0.000000,-0.951591,-0.267861,0.150753,0.000000,3.611588,0.812977,-0.245842,1.000000;;
            }

            Frame ValveBiped_Bip01_L_Finger31 {
             

             FrameTransformMatrix {
              -0.158604,0.000000,0.987342,0.000000,0.000001,1.000000,0.000000,0.000000,-0.987342,0.000001,-0.158604,0.000000,1.396446,0.000004,0.000000,1.000000;;
             }

             Frame ValveBiped_Bip01_L_Finger32 {
              

              FrameTransformMatrix {
               0.459445,-0.000000,0.888206,0.000000,0.000000,1.000000,0.000000,0.000000,-0.888206,0.000000,0.459445,0.000000,1.039905,0.000000,0.000000,1.000000;;
              }
             }
            }
           }

           Frame ValveBiped_Bip01_L_Finger4 {
            

            FrameTransformMatrix {
             0.185769,-0.058381,0.980857,0.000000,-0.480984,0.865058,0.142584,0.000000,-0.856822,-0.498264,0.132621,0.000000,3.130728,1.483116,0.066671,1.000000;;
            }

            Frame ValveBiped_Bip01_L_Finger41 {
             

             FrameTransformMatrix {
              -0.152301,-0.000000,0.988334,0.000000,0.000001,1.000000,0.000000,0.000000,-0.988334,0.000001,-0.152301,0.000000,1.026255,0.000000,-0.000010,1.000000;;
             }

             Frame ValveBiped_Bip01_L_Finger42 {
              

              FrameTransformMatrix {
               0.464645,0.000000,0.885497,0.000000,0.000001,1.000000,-0.000000,0.000000,-0.885498,0.000001,0.464645,0.000000,0.800846,-0.000004,0.000000,1.000000;;
              }
             }
            }
           }

           Frame ValveBiped_Anim_Attachment_LH {
            

            FrameTransformMatrix {
             -0.263854,0.964314,0.021923,0.000000,0.961392,0.264760,-0.075016,0.000000,-0.078143,0.001283,-0.996941,0.000000,2.682126,-0.009727,0.691866,1.000000;;
            }
           }
          }

          Frame ValveBiped_Bip01_L_ForeTwist {
           

           FrameTransformMatrix {
            1.000000,0.000000,0.000000,0.000000,0.000000,1.000000,-0.000265,0.000000,0.000000,0.000265,1.000000,0.000000,0.000000,-0.000004,-0.000004,1.000000;;
           }

           Frame ValveBiped_Bip01_L_ForeTwist1 {
            

            FrameTransformMatrix {
             1.000000,-0.000000,0.000000,0.000000,0.000000,0.999911,-0.013322,0.000000,0.000000,0.013322,0.999911,0.000000,5.387401,0.000008,0.000000,1.000000;;
            }
           }
          }

          Frame ValveBiped_Anim_Attachment_LF {
           

           FrameTransformMatrix {
            -0.001465,-0.002453,0.999996,0.000000,-0.999823,-0.018784,-0.001510,0.000000,0.018788,-0.999821,-0.002425,0.000000,6.644896,2.096661,-2.260201,1.000000;;
           }
          }
         }

         Frame ValveBiped_Bip01_L_Shoulder01 {
          

          FrameTransformMatrix {
           1.000000,0.000000,0.000000,0.000000,-0.000000,0.992318,0.123717,0.000000,-0.000000,-0.123717,0.992317,0.000000,0.000000,0.000000,0.000000,1.000000;;
          }
         }

         Frame ValveBiped_Bip01_L_UpperArm01 {
          

          FrameTransformMatrix {
           1.000000,0.000000,0.000000,0.000000,0.000000,0.997907,0.064669,0.000000,-0.000000,-0.064669,0.997907,0.000000,3.541126,0.000002,0.000002,1.000000;;
          }
         }
        }
       }

       Frame ValveBiped_Bip01_R_Clavicle {
        

        FrameTransformMatrix {
         -0.518840,-0.853027,-0.056128,0.000000,-0.741937,0.416712,0.525243,0.000000,-0.424657,0.314160,-0.849099,0.000000,-0.331669,-1.376800,0.678547,1.000000;;
        }

        Frame ValveBiped_Bip01_R_UpperArm {
         

         FrameTransformMatrix {
          0.912456,0.313118,-0.263402,0.000000,-0.228884,0.924192,0.305746,0.000000,0.339168,-0.218692,0.914953,0.000000,4.107852,-0.000011,0.000000,1.000000;;
         }

         Frame ValveBiped_Bip01_R_Forearm {
          

          FrameTransformMatrix {
           -0.490414,-0.000001,-0.871490,0.000000,-0.000000,1.000000,-0.000001,0.000000,0.871490,0.000000,-0.490414,0.000000,10.499822,-0.000011,0.000003,1.000000;;
          }

          Frame ValveBiped_Bip01_R_Hand {
           

           FrameTransformMatrix {
            0.992010,0.111384,-0.059248,0.000000,0.043814,-0.744544,-0.666135,0.000000,-0.118309,0.658216,-0.743474,0.000000,10.774790,-0.000004,0.000000,1.000000;;
           }

           Frame ValveBiped_Bip01_R_Finger0 {
            

            FrameTransformMatrix {
             0.731722,0.261223,0.629561,0.000000,-0.547884,-0.324043,0.771246,0.000000,0.405472,-0.909263,-0.093990,0.000000,0.510505,0.778587,0.199398,1.000000;;
            }

            Frame ValveBiped_Bip01_R_Finger01 {
             

             FrameTransformMatrix {
              0.957127,-0.000001,0.289671,0.000000,0.000001,1.000000,0.000000,0.000000,-0.289671,0.000000,0.957127,0.000000,1.914630,0.000000,-0.000008,1.000000;;
             }

             Frame ValveBiped_Bip01_R_Finger02 {
              

              FrameTransformMatrix {
               -0.107684,-0.000001,0.994185,0.000000,-0.000000,1.000000,0.000001,0.000000,-0.994185,0.000000,-0.107684,0.000000,1.183795,-0.000004,0.000008,1.000000;;
              }
             }
            }
           }

           Frame ValveBiped_Bip01_R_Finger1 {
            

            FrameTransformMatrix {
             0.583628,0.018236,0.811816,0.000000,-0.087731,0.995312,0.040713,0.000000,-0.807268,-0.094983,0.582492,0.000000,3.715994,0.896523,-0.316261,1.000000;;
            }

            Frame ValveBiped_Bip01_R_Finger11 {
             

             FrameTransformMatrix {
              -0.031927,-0.000000,0.999490,0.000000,0.000000,1.000000,0.000000,0.000000,-0.999490,0.000000,-0.031927,0.000000,1.551167,0.000004,0.000002,1.000000;;
             }

             Frame ValveBiped_Bip01_R_Finger12 {
              

              FrameTransformMatrix {
               0.620307,0.000000,0.784359,0.000000,0.000000,1.000000,-0.000000,0.000000,-0.784359,0.000000,0.620307,0.000000,1.096726,0.000000,0.000000,1.000000;;
              }
             }
            }
           }

           Frame ValveBiped_Bip01_R_Finger2 {
            

            FrameTransformMatrix {
             0.439350,0.094317,0.893351,0.000000,0.028389,0.992518,-0.118748,0.000000,-0.897867,0.077534,0.433386,0.000000,3.774006,-0.032127,-0.343853,1.000000;;
            }

            Frame ValveBiped_Bip01_R_Finger21 {
             

             FrameTransformMatrix {
              -0.179477,0.000000,0.983762,0.000000,0.000000,1.000000,0.000000,0.000000,-0.983762,0.000000,-0.179477,0.000000,1.693277,-0.000004,0.000006,1.000000;;
             }

             Frame ValveBiped_Bip01_R_Finger22 {
              

              FrameTransformMatrix {
               0.788830,0.000000,0.614612,0.000000,0.000000,1.000000,0.000000,0.000000,-0.614612,0.000000,0.788830,0.000000,1.096510,0.000000,-0.000010,1.000000;;
              }
             }
            }
           }

           Frame ValveBiped_Bip01_R_Finger3 {
            

            FrameTransformMatrix {
             0.228005,0.145409,0.962741,0.000000,0.224375,0.954326,-0.197276,0.000000,-0.947454,0.260995,0.184965,0.000000,3.611588,-0.812977,-0.245848,1.000000;;
            }

            Frame ValveBiped_Bip01_R_Finger31 {
             

             FrameTransformMatrix {
              0.208131,0.000000,0.978101,0.000000,0.000000,1.000000,0.000000,0.000000,-0.978101,-0.000000,0.208131,0.000000,1.396443,0.000000,0.000003,1.000000;;
             }

             Frame ValveBiped_Bip01_R_Finger32 {
              

              FrameTransformMatrix {
               0.791756,-0.000000,0.610837,0.000000,-0.000000,1.000000,0.000000,0.000000,-0.610837,0.000000,0.791756,0.000000,1.039907,0.000004,-0.000002,1.000000;;
              }
             }
            }
           }

           Frame ValveBiped_Bip01_R_Finger4 {
            

            FrameTransformMatrix {
             0.249420,0.175424,0.952374,0.000000,0.451285,0.849085,-0.274586,0.000000,-0.856815,0.498279,0.132613,0.000000,3.130729,-1.483112,0.066669,1.000000;;
            }

            Frame ValveBiped_Bip01_R_Finger41 {
             

             FrameTransformMatrix {
              0.317413,0.000000,0.948287,0.000000,0.000000,1.000000,0.000000,0.000000,-0.948288,0.000000,0.317413,0.000000,1.026259,0.000004,0.000002,1.000000;;
             }

             Frame ValveBiped_Bip01_R_Finger42 {
              

              FrameTransformMatrix {
               0.856044,-0.000000,0.516904,0.000000,-0.000000,1.000000,0.000000,0.000000,-0.516904,-0.000000,0.856044,0.000000,0.800841,0.000008,-0.000003,1.000000;;
              }
             }
            }
           }

           Frame ValveBiped_Anim_Attachment_RH {
            

            FrameTransformMatrix {
             0.263856,0.964313,-0.021925,0.000000,-0.961392,0.264762,0.075015,0.000000,0.078142,0.001285,0.996941,0.000000,2.689367,-0.215702,0.725541,1.000000;;
            }
           }
          }

          Frame ValveBiped_Bip01_R_ForeTwist {
           

           FrameTransformMatrix {
            1.000000,0.000000,-0.000000,0.000000,0.000000,0.960968,-0.276659,0.000000,0.000000,0.276659,0.960968,0.000000,0.000000,0.000000,-0.000002,1.000000;;
           }

           Frame ValveBiped_Bip01_R_ForeTwist1 {
            

            FrameTransformMatrix {
             1.000000,-0.000001,0.000000,0.000000,0.000001,0.960968,-0.276659,0.000000,0.000000,0.276659,0.960968,0.000000,5.387395,0.000008,0.000008,1.000000;;
            }
           }
          }
         }

         Frame ValveBiped_Bip01_R_Shoulder01 {
          

          FrameTransformMatrix {
           1.000000,-0.000001,-0.000000,0.000000,0.000001,0.993497,-0.113864,0.000000,0.000000,0.113864,0.993496,0.000000,0.000000,0.000000,0.000000,1.000000;;
          }
         }

         Frame ValveBiped_Bip01_R_UpperArm01 {
          

          FrameTransformMatrix {
           1.000000,-0.000001,-0.000000,0.000000,0.000001,0.998228,-0.059501,0.000000,0.000000,0.059501,0.998228,0.000000,3.558445,-0.000004,0.000001,1.000000;;
          }
         }
        }
       }
      }
     }

     Frame ValveBiped_Bip01_R_Breast {
      

      FrameTransformMatrix {
       -0.150001,0.000000,0.988686,0.000000,-0.000001,-1.000000,-0.000000,0.000000,0.988686,-0.000001,0.150001,0.000000,2.310139,-3.425820,0.426892,1.000000;;
      }
     }

     Frame ValveBiped_Bip01_L_Breast {
      

      FrameTransformMatrix {
       0.150001,-0.000001,-0.988686,0.000000,-0.000001,-1.000000,0.000001,0.000000,-0.988686,0.000001,-0.150001,0.000000,2.310131,3.425819,0.426883,1.000000;;
      }
     }

     Frame jiggle_Rbust_1 {
      

      FrameTransformMatrix {
       0.095136,0.000001,0.995464,0.000000,-0.000001,-1.000000,0.000001,0.000000,0.995464,-0.000001,-0.095136,0.000000,2.114704,-2.705514,-1.892768,1.000000;;
      }

      Frame jiggle_Rbust_2 {
       

       FrameTransformMatrix {
        0.995017,-0.032295,-0.094330,0.000000,0.032250,0.999478,-0.002006,0.000000,0.094346,-0.001047,0.995539,0.000000,2.686733,-0.000001,0.000011,1.000000;;
       }
      }
     }

     Frame jiggle_Lbust_1 {
      

      FrameTransformMatrix {
       0.095136,0.000001,0.995464,0.000000,-0.000001,-1.000000,0.000001,0.000000,0.995464,-0.000001,-0.095136,0.000000,2.114700,2.705569,-1.892776,1.000000;;
      }

      Frame jiggle_Lbust_2 {
       

       FrameTransformMatrix {
        0.996346,0.028379,-0.080558,0.000000,-0.028004,0.999591,0.005778,0.000000,0.080689,-0.003500,0.996733,0.000000,2.686733,-0.000001,0.000008,1.000000;;
       }
      }
     }
    }

    Frame ValveBiped_Anim_Attachment_CAM {
     

     FrameTransformMatrix {
      -0.070896,0.000002,0.997484,0.000000,-0.000002,1.000000,-0.000002,0.000000,-0.997484,-0.000002,-0.070896,0.000000,4.230896,0.000004,0.412550,1.000000;;
     }
    }
   }

   Frame ValveBiped_Bip01_L_Thigh {
    

    FrameTransformMatrix {
     -0.737927,0.184214,0.649253,0.000000,-0.364457,-0.918459,-0.153638,0.000000,0.568010,-0.349998,0.744893,0.000000,-3.663471,3.280773,0.751983,1.000000;;
    }

    Frame ValveBiped_Bip01_L_Calf {
     

     FrameTransformMatrix {
      0.684161,0.000000,-0.729331,0.000000,-0.000000,1.000000,0.000000,0.000000,0.729331,-0.000000,0.684161,0.000000,18.369816,-0.000002,0.000000,1.000000;;
     }

     Frame ValveBiped_Bip01_L_Foot {
      

      FrameTransformMatrix {
       0.873050,0.402549,0.275206,0.000000,-0.448121,0.884864,0.127288,0.000000,-0.192280,-0.234454,0.952922,0.000000,19.744331,-0.000002,0.000000,1.000000;;
      }

      Frame ValveBiped_Bip01_L_Toe0 {
       

       FrameTransformMatrix {
        0.000000,0.185621,0.982621,0.000000,-0.000000,0.982621,-0.185621,0.000000,-1.000000,0.000000,0.000000,0.000000,4.613143,0.000002,5.301873,1.000000;;
       }
      }
     }
    }
   }

   Frame ValveBiped_Bip01_R_Thigh {
    

    FrameTransformMatrix {
     -0.730240,-0.394940,0.557470,0.000000,0.337934,-0.917972,-0.207672,0.000000,0.593760,0.036738,0.803804,0.000000,-3.280643,-3.737816,0.111358,1.000000;;
    }

    Frame ValveBiped_Bip01_R_Calf {
     

     FrameTransformMatrix {
      0.539509,0.000000,-0.841980,0.000000,0.000000,1.000000,0.000000,0.000000,0.841980,0.000000,0.539509,0.000000,18.369816,0.000002,0.000002,1.000000;;
     }

     Frame ValveBiped_Bip01_R_Foot {
      

      FrameTransformMatrix {
       0.855325,-0.299770,0.422560,0.000000,0.323990,0.945938,0.015259,0.000000,-0.404290,0.123854,0.906207,0.000000,19.744333,0.000002,-0.000001,1.000000;;
      }

      Frame ValveBiped_Bip01_R_Toe0 {
       

       FrameTransformMatrix {
        0.000000,0.120611,0.992700,0.000000,-0.000000,0.992700,-0.120611,0.000000,-1.000000,0.000000,0.000000,0.000000,4.613144,0.000001,5.301874,1.000000;;
       }
      }
     }
    }
   }
  }
 }

 Frame ValveBiped_Anim_Attachment_GRAPPLING {
  

  FrameTransformMatrix {
   0.000000,1.000000,0.000000,0.000000,0.776399,0.000000,-0.630242,0.000000,-0.630242,0.000000,-0.776399,0.000000,22.336050,-36.497414,27.510378,1.000000;;
  }
 }

 Frame ValveBiped_Anim_Attachment_EyeTarget {
  

  FrameTransformMatrix {
   -0.630090,-0.007872,-0.776483,0.000000,0.776507,0.000000,-0.630109,0.000000,0.004960,-0.999969,0.006112,0.000000,56.076781,25.196144,66.022675,1.000000;;
  }
 }
}

Frame ValveBiped_Anim_Attachment_CAM_Origin {
 

 FrameTransformMatrix {
  1.000000,0.000000,0.000000,0.000000,0.000000,1.000000,0.000000,0.000000,0.000000,0.000000,1.000000,0.000000,0.000000,0.000000,0.000000,1.000000;;
 }
}

Frame SMDImport {
 

 FrameTransformMatrix {
  1.000000,0.000000,0.000000,0.000000,0.000000,1.000000,0.000000,0.000000,0.000000,0.000000,1.000000,0.000000,0.000000,0.000000,0.000000,1.000000;;
 }

 Mesh SMDImport {
  3182;
  -0.653173;43.180947;5.480666;,
  0.022339;44.280669;4.870517;,
  -0.887935;44.370109;4.938431;,
  0.152700;42.762109;5.360774;,
  0.738399;43.192410;5.533948;,
  0.949829;44.393990;5.019716;,
  1.355244;53.460285;-4.983142;,
  0.526433;53.843360;-5.018593;,
  0.701666;54.029504;-5.233544;,
  1.127853;54.405338;-5.631561;,
  2.079179;53.746522;-5.348622;,
  2.277505;54.315117;-5.701413;,
  2.357821;53.174093;-4.599448;,
  1.394336;52.985270;-4.605487;,
  0.358176;53.166774;-4.776529;,
  2.979381;52.826880;-3.849747;,
  2.245695;52.829770;-4.245935;,
  -0.121497;54.630694;-5.250467;,
  -0.060271;53.146461;-4.814685;,
  0.160896;54.677395;-5.242733;,
  0.263246;54.753920;-5.414020;,
  0.756182;54.839936;-5.716004;,
  1.604764;54.814765;-5.951521;,
  2.346301;55.212947;-6.010577;,
  3.276994;55.333811;-5.793072;,
  3.079610;56.005760;-5.811868;,
  3.976960;55.423680;-5.283422;,
  3.880091;56.127437;-5.332314;,
  4.342954;56.099040;-4.599887;,
  4.172904;56.858874;-4.458605;,
  4.579869;56.774074;-3.828692;,
  4.011423;57.297632;-4.301036;,
  1.294460;55.486400;-5.959648;,
  2.115930;56.141440;-5.996663;,
  2.885616;56.625024;-5.629639;,
  3.605471;56.876774;-5.099856;,
  3.265483;57.293043;-4.996230;,
  2.522632;57.050029;-5.505891;,
  1.922217;56.682118;-5.765859;,
  1.125813;55.950758;-5.872955;,
  0.541429;55.238112;-5.644911;,
  4.347610;55.412045;-4.695135;,
  4.596136;55.170982;-4.027171;,
  4.701760;55.933670;-3.860766;,
  4.639413;55.057421;-3.349613;,
  4.704928;55.774470;-3.131113;,
  4.472863;57.135987;-3.691569;,
  4.625162;56.657126;-3.030742;,
  4.560410;56.137466;-2.524745;,
  4.405038;54.812794;-2.700918;,
  4.351484;54.464013;-3.653534;,
  4.381406;54.702112;-4.275854;,
  4.024994;54.732858;-4.992814;,
  3.281826;54.430803;-5.476375;,
  3.229259;53.850854;-5.043619;,
  4.068672;54.112032;-3.027278;,
  3.816905;53.617686;-3.597345;,
  3.703265;53.147802;-3.250325;,
  3.047856;53.234035;-4.249984;,
  3.999396;54.230490;-4.580428;,
  3.933579;53.793261;-4.059612;,
  0.082134;39.352883;3.219254;,
  2.035602;40.229661;4.511402;,
  0.231442;40.303958;4.341832;,
  -1.747886;40.222710;4.454750;,
  1.041487;38.577322;2.150917;,
  1.901677;39.129302;3.468760;,
  2.527670;39.632381;4.042926;,
  3.757237;41.016051;4.484904;,
  3.564221;41.985626;4.748440;,
  4.896117;42.431030;3.958822;,
  4.545652;43.711341;3.913387;,
  5.579391;43.990646;2.713874;,
  5.175741;44.886586;2.502919;,
  4.266702;44.770074;3.484941;,
  2.884863;44.742678;4.175602;,
  3.186342;43.483395;4.620581;,
  -2.973931;44.638214;4.043441;,
  -4.371332;43.502304;3.809996;,
  -3.024628;43.386672;4.525372;,
  -4.322360;44.589786;3.289748;,
  -5.183306;44.654723;2.289581;,
  -5.416560;43.745930;2.701278;,
  -4.628517;42.262816;3.966580;,
  -3.261631;41.939485;4.762947;,
  -3.460443;40.924557;4.469433;,
  -2.155847;39.613968;3.987476;,
  -1.567104;39.138003;3.370265;,
  -0.809476;38.627213;1.997860;,
  0.081034;38.847424;2.211899;,
  -0.685560;38.386970;0.312176;,
  0.052536;38.509379;0.322017;,
  0.742753;38.337536;0.422332;,
  -4.114200;53.093750;-4.267566;,
  -3.182702;52.410710;-4.317797;,
  -3.999751;52.638928;-3.901272;,
  -4.520061;53.544643;-3.753073;,
  -4.737777;53.863565;-4.421626;,
  -4.994842;54.191827;-3.495258;,
  -2.349355;54.009459;-6.092407;,
  -2.482203;54.893965;-6.418610;,
  -1.715391;54.595437;-6.232090;,
  -1.249311;54.248288;-5.832443;,
  -2.140216;53.467773;-5.705183;,
  -1.456429;53.274538;-5.220742;,
  -2.462926;52.855622;-5.006826;,
  -1.495691;52.794442;-4.849723;,
  -2.359331;52.527782;-4.648228;,
  -3.203485;52.821069;-4.778256;,
  -4.173914;53.257664;-4.744739;,
  -4.694135;54.102566;-5.042786;,
  -5.006779;54.536589;-4.838666;,
  -4.683784;54.815418;-5.458334;,
  -4.784886;55.496038;-5.371237;,
  -4.224792;54.881862;-5.976514;,
  -4.213882;55.592730;-6.016296;,
  -3.443853;54.889824;-6.361018;,
  -0.850232;53.926976;-5.364686;,
  -0.928753;54.728621;-5.858388;,
  -1.498519;55.301894;-6.195669;,
  -2.380677;55.844390;-6.376650;,
  -3.335590;55.581971;-6.353985;,
  -4.230053;54.187514;-5.690409;,
  -4.208323;53.688275;-5.274024;,
  -3.328722;53.417622;-5.597804;,
  -3.383539;53.990464;-6.039632;,
  -3.257347;56.219219;-6.148752;,
  -2.978811;56.686598;-5.970791;,
  -2.300560;56.403162;-6.122706;,
  -1.408847;55.783315;-6.087147;,
  -0.782776;55.150637;-5.756813;,
  -0.486254;54.704410;-5.477356;,
  -0.690586;53.762957;-5.121438;,
  -0.478227;53.111520;-4.847210;,
  -0.404858;54.640019;-5.290543;,
  -4.082230;56.368915;-5.749506;,
  -4.741560;56.269965;-5.211924;,
  -4.667393;56.724294;-5.034442;,
  -3.821664;56.824858;-5.595132;,
  -5.233441;56.125792;-4.657969;,
  -5.199055;56.497037;-4.508896;,
  -5.395756;55.995123;-3.877561;,
  -5.341643;55.110771;-3.980101;,
  -5.349146;55.482816;-3.362152;,
  -5.147442;54.410771;-4.176637;,
  -5.237426;55.277062;-4.700680;,
  4.414248;55.618726;-2.023665;,
  4.432126;56.041178;-1.920405;,
  4.389606;55.976275;-1.320103;,
  4.560410;56.137466;-2.524745;,
  4.405038;54.812794;-2.700918;,
  4.316826;54.847334;-1.576930;,
  4.195422;55.882042;-0.439801;,
  4.068672;54.112032;-3.027278;,
  4.153218;53.734893;-2.502338;,
  3.703265;53.147802;-3.250325;,
  4.133090;53.937312;-1.922524;,
  4.012666;54.084749;-1.163767;,
  3.679737;54.183347;0.304308;,
  3.872861;55.861946;0.647292;,
  2.907197;54.118285;1.123224;,
  3.131735;55.836947;1.414238;,
  1.977122;54.119232;1.620804;,
  1.974483;55.670957;1.979004;,
  1.546906;55.610560;2.088578;,
  0.870053;54.072794;1.838646;,
  0.632622;55.446643;2.136631;,
  -0.685756;54.006650;1.914587;,
  -0.788512;55.316090;2.106904;,
  -2.199334;55.259552;1.897314;,
  -2.202123;53.869843;1.579032;,
  -3.106203;55.303168;1.695367;,
  -3.253673;53.773677;1.178775;,
  -3.513634;55.308410;1.515229;,
  -4.571875;55.328032;0.763241;,
  -4.079328;53.656746;0.532825;,
  -5.171258;55.264467;-0.116982;,
  -4.705961;53.629373;-0.404327;,
  -5.307466;55.254259;-1.242845;,
  -4.773137;53.504336;-1.906213;,
  -5.100952;54.225184;-2.372782;,
  -4.744784;53.350819;-2.672751;,
  -4.994842;54.191827;-3.495258;,
  -4.641135;53.153923;-3.245507;,
  -4.520061;53.544643;-3.753073;,
  -3.999751;52.638928;-3.901272;,
  -5.362454;55.332032;-2.144203;,
  -5.222275;54.982118;-2.838001;,
  -5.313105;55.398253;-2.739491;,
  -5.349146;55.482816;-3.362152;,
  3.752288;43.044582;-3.069733;,
  2.606677;41.806912;-2.936522;,
  2.378173;42.374566;-3.153424;,
  6.057032;44.314454;1.451130;,
  5.175741;44.886586;2.502919;,
  5.579391;43.990646;2.713874;,
  5.681009;45.027968;1.429809;,
  5.904421;45.114326;0.122947;,
  6.204129;44.490877;0.013237;,
  5.837918;44.423715;-1.478108;,
  5.581476;45.012675;-1.411029;,
  4.806581;44.575043;-2.456564;,
  4.954989;43.956765;-2.614196;,
  3.752288;43.044582;-3.069733;,
  3.578896;43.827702;-3.008420;,
  1.891086;43.313590;-3.249470;,
  3.578896;43.827702;-3.008420;,
  1.619112;41.857562;-3.133615;,
  1.923702;41.097875;-2.721649;,
  1.478735;40.523552;-2.555742;,
  1.116266;40.569229;-2.679689;,
  1.059958;39.712544;-2.259699;,
  -0.056620;40.412301;-2.780721;,
  -1.231119;39.862794;-2.512081;,
  -1.286706;40.675629;-2.846718;,
  -0.057558;41.698800;-3.215060;,
  -0.101929;43.109306;-3.437188;,
  -1.748467;41.916509;-3.218116;,
  -1.925207;43.336842;-3.321698;,
  -2.561308;42.432595;-3.224333;,
  -0.066708;39.599802;-2.379790;,
  -0.017033;38.754790;-1.558162;,
  -1.046373;38.791571;-1.389280;,
  -0.685560;38.386970;0.312176;,
  0.052536;38.509379;0.322017;,
  0.742753;38.337536;0.422332;,
  1.021381;38.679856;-1.177176;,
  -5.183306;44.654723;2.289581;,
  -5.981241;44.053386;1.431200;,
  -5.416560;43.745930;2.701278;,
  -5.649906;44.770806;1.264314;,
  -5.891302;44.848154;-0.006254;,
  -6.212974;44.229331;0.037298;,
  -5.924127;44.221635;-1.482352;,
  -5.612960;44.804458;-1.517658;,
  -4.830094;44.432474;-2.584110;,
  -5.080611;43.836486;-2.656061;,
  -3.842639;43.017869;-3.134409;,
  -3.563717;43.701501;-3.173184;,
  -3.842639;43.017869;-3.134409;,
  -3.563717;43.701501;-3.173184;,
  -2.800646;41.861411;-2.998590;,
  -2.099574;41.173222;-2.827917;,
  -1.662957;40.628179;-2.716699;,
  -0.204021;43.478368;-3.526539;,
  0.757579;41.765770;-3.572722;,
  0.595862;43.519338;-3.716554;,
  -0.327957;42.007155;-3.355368;,
  -1.025798;42.018762;-3.443010;,
  -0.811999;43.664192;-3.636243;,
  2.830708;62.548256;1.771575;,
  2.171373;63.058566;1.124588;,
  2.156179;62.744749;1.848155;,
  2.834869;62.823987;1.173848;,
  2.124326;63.011136;0.255806;,
  2.747270;62.832032;0.311260;,
  2.339837;62.786598;-0.695062;,
  3.005556;62.698317;-0.628073;,
  3.160001;62.489805;-1.150717;,
  2.514127;62.403482;-1.409146;,
  3.230920;62.246035;-1.462214;,
  2.637696;62.084909;-1.777096;,
  3.377090;61.915994;-1.883277;,
  2.817454;61.863578;-2.091868;,
  3.578156;61.058854;-2.244123;,
  3.026141;60.977907;-2.537010;,
  3.320749;59.590618;-3.125103;,
  3.839823;59.490003;-2.709642;,
  4.044704;58.610918;-3.059707;,
  3.558926;58.667238;-3.523305;,
  4.291134;57.774381;-3.469430;,
  3.767442;57.994080;-3.882766;,
  4.011423;57.297632;-4.301036;,
  4.472863;57.135987;-3.691569;,
  -0.204593;43.481027;-3.574830;,
  -1.025449;42.021136;-3.491477;,
  -0.811693;43.666275;-3.684789;,
  -0.328506;42.009987;-3.403714;,
  0.756190;41.767792;-3.621106;,
  0.594659;43.521085;-3.765133;,
  -4.956076;62.112480;0.714212;,
  -4.308562;62.577805;-0.250399;,
  -4.901909;62.308102;-0.278919;,
  -4.365142;62.457952;0.731374;,
  -4.981805;61.793421;1.324619;,
  -4.386043;62.106643;1.461355;,
  -5.189197;57.124224;-4.262510;,
  -4.667393;56.724294;-5.034442;,
  -5.199055;56.497037;-4.508896;,
  -4.589819;57.441978;-4.588997;,
  -4.548286;58.095738;-4.192772;,
  -5.114080;57.970022;-3.816996;,
  -4.480583;59.022867;-3.757324;,
  -5.055768;58.868243;-3.441315;,
  -5.046436;60.328563;-2.770509;,
  -4.488859;60.360403;-3.026617;,
  -4.418542;61.236480;-2.534812;,
  -5.007673;61.224096;-2.404101;,
  -4.309258;61.469402;-2.194397;,
  -4.809087;61.489574;-1.896051;,
  -4.266656;61.785958;-1.802207;,
  -4.838212;61.751674;-1.589651;,
  -4.273661;62.201632;-1.089456;,
  -4.840823;61.991219;-1.073781;,
  -3.009145;55.300467;1.739082;,
  -3.736507;55.739347;1.691308;,
  -3.610686;55.310778;1.471701;,
  -3.141314;55.826848;1.929979;,
  -3.503758;57.012954;2.247367;,
  -4.135456;56.971187;2.019314;,
  -4.523158;58.301043;2.332813;,
  -3.894372;58.380339;2.505574;,
  -4.820392;60.077971;2.420039;,
  -4.223140;60.207117;2.511163;,
  -4.941044;61.102483;2.000498;,
  -4.336080;61.351014;2.142998;,
  -4.386043;62.106643;1.461355;,
  -4.981805;61.793421;1.324619;,
  0.778220;53.471658;-5.203502;,
  -0.103857;54.542854;-5.390530;,
  0.523684;54.659770;-5.532645;,
  -0.062856;53.524950;-5.079980;,
  -0.857199;53.363616;-5.341704;,
  -0.708647;54.578349;-5.636782;,
  2.156179;62.744749;1.848155;,
  2.725658;61.865446;2.462545;,
  2.830708;62.548256;1.771575;,
  2.089277;62.020640;2.527310;,
  1.939301;60.858253;2.920339;,
  2.546441;60.775770;2.928971;,
  1.649190;58.920653;2.929540;,
  2.299790;58.891264;2.875360;,
  1.619852;57.351430;2.680339;,
  2.280739;57.395053;2.561517;,
  2.106576;56.125357;2.185079;,
  1.473614;56.131725;2.319964;,
  1.445105;55.594720;2.115489;,
  2.076292;55.686477;1.952280;,
  4.480960;32.357338;-5.127502;,
  4.447365;32.218998;-7.044811;,
  5.315827;30.587622;-6.554734;,
  8.987414;37.067056;-4.405863;,
  8.641695;38.274819;-1.847145;,
  9.056269;35.936509;-2.722870;,
  9.203463;32.508976;-4.799141;,
  9.223852;33.568810;-6.131489;,
  9.617485;31.183331;-7.613444;,
  8.626846;34.344771;-7.320038;,
  8.987177;31.871299;-8.748462;,
  8.010227;34.036195;-7.042923;,
  8.846870;31.557418;-8.367111;,
  7.286254;34.047485;-7.581472;,
  7.746052;31.389530;-8.749396;,
  6.164113;33.503754;-7.369092;,
  6.818939;30.801389;-8.565199;,
  5.246550;32.598416;-6.710772;,
  6.570076;29.975750;-8.205162;,
  3.111697;35.469901;-5.156187;,
  3.257778;34.452451;-3.219854;,
  8.348355;39.304893;-3.319099;,
  8.307774;37.659168;-5.664372;,
  7.741936;39.734157;-4.726696;,
  7.581999;41.187859;-2.092461;,
  7.998324;39.998563;-0.851997;,
  8.372041;37.536189;-0.903273;,
  8.213937;34.714752;-1.643436;,
  8.907061;31.718694;-4.016022;,
  7.679093;40.890474;-0.394658;,
  7.052462;42.606880;-1.163916;,
  9.416342;30.385488;-7.080534;,
  9.184658;29.429866;-6.639213;,
  8.006754;28.719594;-6.610945;,
  7.172671;40.486621;1.141647;,
  7.132010;42.237395;0.576640;,
  6.506139;43.694931;-0.267745;,
  6.371410;42.897120;-2.721266;,
  6.878214;41.699818;-3.536504;,
  7.207015;39.906547;-5.590083;,
  7.552478;38.055869;-6.738510;,
  6.383415;37.916131;-7.189036;,
  5.013261;37.333328;-7.057723;,
  3.924351;36.474822;-6.364271;,
  6.483741;41.862106;2.078711;,
  6.491131;43.320138;1.131725;,
  6.053879;42.889370;2.452861;,
  5.435301;41.315446;3.640362;,
  5.768241;40.198387;3.047443;,
  6.485320;39.109568;1.989658;,
  7.767680;38.877027;0.229480;,
  6.988858;37.872998;1.018813;,
  7.502567;36.540019;0.028201;,
  5.745020;44.487952;-1.463215;,
  6.064228;44.596893;0.048970;,
  5.964124;44.303507;1.455982;,
  5.579391;43.990646;2.713874;,
  4.896117;42.431030;3.958822;,
  4.510255;41.041728;4.170420;,
  4.207467;39.587456;3.799887;,
  4.742922;38.324253;2.861620;,
  5.403683;37.004064;1.570036;,
  5.931140;35.774445;0.521390;,
  6.724314;33.974854;-1.327341;,
  4.088750;35.315350;0.005949;,
  5.175741;44.886586;2.502919;,
  5.618429;44.931050;1.413462;,
  5.878220;44.989402;0.112084;,
  3.757237;41.016051;4.484904;,
  2.527670;39.632381;4.042926;,
  2.458895;38.592461;3.064629;,
  1.901677;39.129302;3.468760;,
  1.326094;38.254138;1.545356;,
  1.041487;38.577322;2.150917;,
  0.742753;38.337536;0.422332;,
  2.508607;36.314128;-0.274441;,
  2.032059;36.368378;-1.599304;,
  3.257778;34.452451;-3.219854;,
  3.462615;36.459011;1.331294;,
  2.670651;37.925750;2.626596;,
  4.963212;33.828944;-1.755865;,
  6.094048;31.037754;-4.338419;,
  4.480960;32.357338;-5.127502;,
  5.315827;30.587622;-6.554734;,
  6.973590;29.612099;-5.933667;,
  7.092074;28.762278;-7.597928;,
  7.602996;30.985270;-3.793060;,
  -4.201465;48.053082;0.256524;,
  -4.068812;49.024864;-0.972122;,
  -4.450398;48.070115;-0.866856;,
  -5.060433;46.813626;-0.702294;,
  -4.956130;46.735114;0.685044;,
  -4.060893;46.738410;1.864646;,
  -3.504748;48.058896;1.277640;,
  -2.347198;48.026038;1.891856;,
  -2.625686;46.771466;2.644602;,
  -4.126698;45.684918;2.843360;,
  -2.855989;45.741181;3.417230;,
  -4.007862;50.114358;-1.147361;,
  -3.981038;51.131654;-0.147558;,
  -4.174889;51.129709;-1.322555;,
  -3.838514;50.108778;-0.025261;,
  -3.945567;49.000960;0.082452;,
  -3.247999;49.017936;1.022014;,
  -2.221087;48.992698;1.599483;,
  -1.071046;47.931450;2.197774;,
  -1.186897;46.800755;2.920014;,
  -1.322717;45.831341;3.695913;,
  -1.441767;44.922672;4.373429;,
  -0.378332;44.966202;4.335820;,
  -0.097100;45.894544;3.747503;,
  -0.018810;44.802918;4.339710;,
  -0.161917;46.866970;3.042690;,
  -0.229919;47.864822;2.271331;,
  -3.175262;50.042493;0.844567;,
  -2.206383;49.991226;1.415997;,
  -1.009211;49.032989;1.793539;,
  -0.296023;49.047357;1.782017;,
  0.595194;48.013914;2.303263;,
  0.883828;46.868410;3.006557;,
  1.124937;45.883690;3.762876;,
  2.669097;45.862266;3.572116;,
  2.329772;46.938938;2.858830;,
  3.996404;45.835754;3.036303;,
  3.849645;46.983280;2.177881;,
  4.787166;45.797408;2.435382;,
  4.808090;47.091910;1.141456;,
  0.416749;49.111763;1.894305;,
  1.630925;49.209075;1.876261;,
  1.870126;48.241120;2.166986;,
  3.088617;48.395590;1.708335;,
  3.903497;48.475024;0.796267;,
  2.710192;49.358931;1.458216;,
  1.408083;50.230003;1.721440;,
  0.255243;50.122371;1.730184;,
  -0.394412;50.052781;1.557862;,
  -1.067171;50.035011;1.618434;,
  -2.134167;51.201165;1.366265;,
  -3.171152;51.065744;0.785068;,
  -3.425198;52.550125;0.763595;,
  -4.425377;52.521552;-0.274792;,
  -4.533052;52.394982;-1.648519;,
  3.531181;49.432282;0.634189;,
  -1.088656;51.332176;1.521528;,
  3.228549;50.575638;0.571944;,
  2.443705;50.413690;1.319402;,
  1.187777;51.420618;1.646987;,
  0.122994;51.412218;1.623919;,
  -0.471171;51.368858;1.437358;,
  -1.091506;52.485885;1.390060;,
  -2.126268;52.483862;1.406634;,
  -3.253673;53.773677;1.178775;,
  -4.079328;53.656746;0.532825;,
